        1000
  0.59929855900121132     
  0.61263741764044544     
  0.66280101848229911     
  0.75408460627233409     
  0.75658868439816374     
  0.79821169085852384     
  0.80384172062743475     
  0.84517311414504359     
  0.84819469599991293     
  0.84850940024457888     
  0.85419074557523622     
  0.85924985810109977     
  0.86228843118628828     
  0.86695705455793115     
  0.86909023965711685     
  0.86966740142308829     
  0.87192265612011832     
  0.87490169026989972     
  0.87690935300846562     
  0.87973675594595724     
  0.88476371095917039     
  0.88629226159488839     
  0.88810106450492665     
  0.89343700725902209     
  0.89937490153809641     
  0.90067002282099051     
  0.90130505479688183     
  0.90175922578530165     
  0.90186131261922975     
  0.90264092654629757     
  0.90267619341332617     
  0.90311098474743146     
  0.90878546151324691     
  0.91410950224831977     
  0.91672222463603448     
  0.92298352584979515     
  0.92513273008748009     
  0.92814526948199716     
  0.92888724260140887     
  0.92903542654657467     
  0.93047123464218340     
  0.93276404806822699     
  0.93874125868083791     
  0.94013783308461962     
  0.94192516476219124     
  0.95217557464080438     
  0.95584848231226616     
  0.96075258533178243     
  0.96085222944732440     
  0.96336943634010308     
  0.96344179866261681     
  0.96468363809559765     
  0.96648518613475576     
  0.97085824470926574     
  0.97142701073737436     
  0.97215484187911405     
  0.97288493895977313     
  0.97560828308526859     
  0.97600541323819612     
  0.97697128001536149     
  0.97907294352610696     
  0.98105061379135072     
  0.98286970044959487     
  0.98386375966193274     
  0.98425466875442957     
  0.98648910765876097     
  0.98683245378378481     
  0.98806976618798059     
  0.98843717658125352     
  0.99032467551711578     
  0.99545749665827876     
  0.99761308342573407     
  0.99809808073910244     
  0.99848256174258443     
   1.0002388418982366     
   1.0002899066424802     
   1.0013942592888481     
   1.0019491242434124     
   1.0038361016427555     
   1.0050694538875284     
   1.0051311326810077     
   1.0060371664426582     
   1.0066745948055831     
   1.0078123907103698     
   1.0092991229881856     
   1.0096930011994869     
   1.0098214308934934     
   1.0120143477910806     
   1.0122536543069125     
   1.0131203014417582     
   1.0139425958663721     
   1.0148147101027798     
   1.0149247327087123     
   1.0152242133241798     
   1.0155970004827444     
   1.0164374773264677     
   1.0168358404829569     
   1.0188472393778178     
   1.0190620901545315     
   1.0197679819648988     
   1.0203763238163535     
   1.0205370513218150     
   1.0231461932708978     
   1.0249222983692365     
   1.0250335210963251     
   1.0258400250664932     
   1.0270011448861609     
   1.0284881078349715     
   1.0295001509285866     
   1.0295064008903481     
   1.0298012827473937     
   1.0325244658840760     
   1.0329074618650327     
   1.0332951308792104     
   1.0351282069650967     
   1.0355847834300667     
   1.0355981426869787     
   1.0356319542636416     
   1.0364275374185388     
   1.0369695407289752     
   1.0387877767548970     
   1.0389866625213562     
   1.0398921755542865     
   1.0406710565027006     
   1.0406722558492567     
   1.0411732676953807     
   1.0415171869694766     
   1.0418853406649926     
   1.0427431785946788     
   1.0431860480037347     
   1.0433899481412960     
   1.0461393876049461     
   1.0472018728675143     
   1.0485711138826375     
   1.0488068870412537     
   1.0489025017891982     
   1.0490606139718599     
   1.0491149583134110     
   1.0494292569126189     
   1.0495206719439598     
   1.0500319509251537     
   1.0524677845306432     
   1.0528090934390373     
   1.0530587734528098     
   1.0550098259910994     
   1.0552606461183103     
   1.0561588859800946     
   1.0563821590765294     
   1.0569335476441624     
   1.0570258537836099     
   1.0573532926777187     
   1.0579209757279282     
   1.0591999046170826     
   1.0592599803864029     
   1.0598202086884279     
   1.0598446828129315     
   1.0600043513970780     
   1.0619800246000952     
   1.0628169481312668     
   1.0628686191682450     
   1.0653098185931833     
   1.0653307445359392     
   1.0654304721752961     
   1.0660083302945589     
   1.0663832774417370     
   1.0674644356080858     
   1.0678557754393649     
   1.0679811227100524     
   1.0681365187808347     
   1.0686211810413566     
   1.0690949519331141     
   1.0697026631404198     
   1.0701258847365305     
   1.0714167613499168     
   1.0716700087131756     
   1.0719019456041483     
   1.0726767702379154     
   1.0730680688456904     
   1.0735376354194142     
   1.0736262188795904     
   1.0736276222606838     
   1.0749388651522238     
   1.0751405245288854     
   1.0751622758630568     
   1.0753103656677083     
   1.0753728328748220     
   1.0754065266838779     
   1.0757399665173795     
   1.0757776637300434     
   1.0766275384347226     
   1.0773191037134930     
   1.0774843164005208     
   1.0775897951080997     
   1.0779770355250413     
   1.0781322420731385     
   1.0783236573450061     
   1.0796220272035415     
   1.0797949554138686     
   1.0813136272077934     
   1.0828516495802123     
   1.0828893213977224     
   1.0832574481810417     
   1.0835882797667094     
   1.0841884122266199     
   1.0842862215270341     
   1.0846229343090830     
   1.0847888295243107     
   1.0848020015263431     
   1.0852143144818003     
   1.0852281204616785     
   1.0854267122401857     
   1.0862347251552731     
   1.0862491924555289     
   1.0874276791500894     
   1.0878532668483474     
   1.0893183384094620     
   1.0896461070103980     
   1.0900367468406609     
   1.0906597974098189     
   1.0911162378801924     
   1.0921855956812774     
   1.0930467535682549     
   1.0931100371449238     
   1.0939834300135114     
   1.0948686773877960     
   1.0957133854347894     
   1.0958726048389558     
   1.0966683530059147     
   1.0977518022866051     
   1.0979013112790483     
   1.0979359415824128     
   1.0985093475061378     
   1.0990310376862349     
   1.0990708933439883     
   1.0991806329697207     
   1.0997743854113553     
   1.0998814194551128     
   1.1002227806247682     
   1.1002559916864620     
   1.1002939317023122     
   1.1004169344461698     
   1.1010765554560533     
   1.1012967408670800     
   1.1015023659610492     
   1.1016260953135282     
   1.1017704275942624     
   1.1018912416519782     
   1.1019567438869133     
   1.1019690527638639     
   1.1020162000833089     
   1.1028051465517401     
   1.1030075110286974     
   1.1032894195327367     
   1.1033537927647048     
   1.1034763208650051     
   1.1036262130483523     
   1.1040281805994590     
   1.1041336976230585     
   1.1041944779578241     
   1.1041960091170224     
   1.1042823985132506     
   1.1051748691477807     
   1.1052108584021776     
   1.1060055191012306     
   1.1061389145345222     
   1.1063325443070544     
   1.1068389869249546     
   1.1073543640299703     
   1.1080886901223310     
   1.1086234091738856     
   1.1087634289505073     
   1.1096339273085298     
   1.1096654567653084     
   1.1096870989470697     
   1.1100936844297258     
   1.1103779683324229     
   1.1104186016307631     
   1.1114264065005206     
   1.1116299110826411     
   1.1116435559646092     
   1.1117060846532514     
   1.1117549799089843     
   1.1128478975143954     
   1.1133614953075086     
   1.1136136525404154     
   1.1145714054763054     
   1.1146010048136046     
   1.1146089470336100     
   1.1147086289997741     
   1.1150526085309829     
   1.1151380565849260     
   1.1157097371843034     
   1.1159024579859005     
   1.1159139402361367     
   1.1159337139018104     
   1.1165730842352339     
   1.1169403351226450     
   1.1173242861199990     
   1.1181446858732280     
   1.1185715176938036     
   1.1186400857090564     
   1.1195270233167167     
   1.1199582849628575     
   1.1209634549807828     
   1.1218635796940528     
   1.1219933260234451     
   1.1223703845543223     
   1.1223899201868579     
   1.1228063578569314     
   1.1229039200778805     
   1.1231254311156598     
   1.1238290369579298     
   1.1245974689007912     
   1.1246258072690005     
   1.1247904224152250     
   1.1249684607224919     
   1.1249821785549741     
   1.1251701069276172     
   1.1252507778379290     
   1.1254448278324716     
   1.1254516081067283     
   1.1256664761744359     
   1.1258573695790683     
   1.1260140193156831     
   1.1261104967846125     
   1.1262890978197166     
   1.1271744596342195     
   1.1274191840217325     
   1.1283845049469272     
   1.1285054962227978     
   1.1286978681369042     
   1.1287159945303256     
   1.1288073422898544     
   1.1289408860116026     
   1.1291594803046363     
   1.1293065311226433     
   1.1293603790849267     
   1.1295054680178664     
   1.1295402857081061     
   1.1297822252010103     
   1.1299010725668717     
   1.1301989108659634     
   1.1303071109930858     
   1.1307537754920276     
   1.1313489202375846     
   1.1316169635337656     
   1.1316261202611200     
   1.1321996564356747     
   1.1322860007547635     
   1.1325672753755336     
   1.1326153368460308     
   1.1326373273211596     
   1.1327035535852747     
   1.1330087534196904     
   1.1331151702931388     
   1.1334822916848801     
   1.1336443865858108     
   1.1337370323981282     
   1.1340555049293524     
   1.1346570269338405     
   1.1347936339585512     
   1.1356386526747932     
   1.1357417384738786     
   1.1362616396282175     
   1.1363704410842095     
   1.1369632017558848     
   1.1377023471918324     
   1.1381562738708355     
   1.1383630316366131     
   1.1383846739225669     
   1.1384108492497371     
   1.1384238713930155     
   1.1384438322438402     
   1.1386069530817715     
   1.1387149404134922     
   1.1387201695366220     
   1.1394061154845296     
   1.1394215995324399     
   1.1395234715771729     
   1.1396407072332209     
   1.1402006795504027     
   1.1403497838378456     
   1.1404163282847348     
   1.1411018795227565     
   1.1413204165713928     
   1.1413704670326101     
   1.1418861509094846     
   1.1419284381753054     
   1.1420274551175593     
   1.1422973667393936     
   1.1426534015297758     
   1.1426979048070749     
   1.1427460376194005     
   1.1428148468550365     
   1.1429162930790597     
   1.1432744256847323     
   1.1436052992995744     
   1.1442331655186109     
   1.1442426590936725     
   1.1442437599340622     
   1.1442535302287768     
   1.1443586075356200     
   1.1445800248931499     
   1.1446024416275729     
   1.1446458825784360     
   1.1446882464407127     
   1.1447578888337175     
   1.1447944488484219     
   1.1458972005788031     
   1.1463465540758579     
   1.1466170962356785     
   1.1467041229872426     
   1.1467911703643237     
   1.1470075595565421     
   1.1472065238523930     
   1.1476865144036463     
   1.1480361507479500     
   1.1480671863984087     
   1.1481194975792564     
   1.1482182250907014     
   1.1482878567976318     
   1.1485102144379316     
   1.1486871430865946     
   1.1487263200673075     
   1.1488431237325827     
   1.1491013351264543     
   1.1500697529063719     
   1.1501481193094125     
   1.1502713580921280     
   1.1503787555791747     
   1.1504398522350905     
   1.1505382772069770     
   1.1508058503030234     
   1.1510655470144253     
   1.1511906927936284     
   1.1512466507386057     
   1.1515255449665811     
   1.1515315318413255     
   1.1525166828150399     
   1.1531903033609094     
   1.1534757124258668     
   1.1535283750454137     
   1.1536657309614851     
   1.1536776421933435     
   1.1541307419580962     
   1.1549765970686783     
   1.1550460831242102     
   1.1550652325197071     
   1.1551789284176759     
   1.1556176798546709     
   1.1556938792971381     
   1.1557750134852316     
   1.1560592125666012     
   1.1561679964420919     
   1.1564706388196617     
   1.1565222595220186     
   1.1566231565578902     
   1.1566897071832862     
   1.1570640562040291     
   1.1580177031334946     
   1.1581554349958780     
   1.1582703240247869     
   1.1584657797609106     
   1.1588240367123133     
   1.1589255253298811     
   1.1590225956298936     
   1.1590725545521192     
   1.1591571062104211     
   1.1591675474011987     
   1.1592238005564153     
   1.1592784494360238     
   1.1594440724459993     
   1.1597470116547486     
   1.1597582791160281     
   1.1598240639414357     
   1.1599367768119875     
   1.1601319904871332     
   1.1603384254188347     
   1.1603590770696142     
   1.1604646849125386     
   1.1607807444229259     
   1.1608144172589501     
   1.1610861010920273     
   1.1615251990340847     
   1.1615281757013551     
   1.1615325372822454     
   1.1617822443553270     
   1.1626284096356292     
   1.1630701351246437     
   1.1632375926363878     
   1.1633297576111126     
   1.1638131860557153     
   1.1644802744275702     
   1.1646133695863141     
   1.1646925721463048     
   1.1650568392479241     
   1.1651160258743227     
   1.1652179886991996     
   1.1660245955068225     
   1.1665556848681304     
   1.1665863218159698     
   1.1666374615828754     
   1.1668533836670283     
   1.1673115437198183     
   1.1674419658157624     
   1.1682571863475968     
   1.1687254197756174     
   1.1691911055675674     
   1.1692683677120634     
   1.1695029785183220     
   1.1695982811067607     
   1.1698734185434183     
   1.1699374804086948     
   1.1699899276456851     
   1.1702776840729965     
   1.1704141052317527     
   1.1704757729442492     
   1.1705740632043411     
   1.1708721078501807     
   1.1712958374145257     
   1.1714695393167205     
   1.1715537618260798     
   1.1716065699829132     
   1.1719217013571726     
   1.1722354272235906     
   1.1723741750358543     
   1.1725488842158780     
   1.1726376271689356     
   1.1727733292269304     
   1.1729373730193360     
   1.1731080423029607     
   1.1731337169476219     
   1.1732548456420189     
   1.1734236752883926     
   1.1735889803743971     
   1.1737404660927642     
   1.1739411988434076     
   1.1741936739058108     
   1.1742967669280686     
   1.1746269517238150     
   1.1746552860810942     
   1.1746775637064180     
   1.1748852508392926     
   1.1750264659576346     
   1.1750351884937680     
   1.1755751552088438     
   1.1757636584641251     
   1.1759087136498481     
   1.1766824297245542     
   1.1769046253941529     
   1.1769427616118642     
   1.1773951823159305     
   1.1774176237853686     
   1.1775563430885854     
   1.1776808063430253     
   1.1776988096555534     
   1.1778659517194245     
   1.1780494038003901     
   1.1781537329040226     
   1.1784292466515469     
   1.1785831460429839     
   1.1785868199841094     
   1.1786384144693007     
   1.1788128536273983     
   1.1788581884820102     
   1.1792390438080727     
   1.1795358374665175     
   1.1795973190057345     
   1.1796559547975256     
   1.1797253127581127     
   1.1802103674938043     
   1.1802510922483549     
   1.1806626405632399     
   1.1806702802280180     
   1.1811092593333774     
   1.1811196023458548     
   1.1813816007130971     
   1.1815832484177267     
   1.1816578964882201     
   1.1819841822631889     
   1.1820504113439410     
   1.1823277822610376     
   1.1825884878799133     
   1.1827589613852145     
   1.1830511960931309     
   1.1832431470705089     
   1.1837174797693051     
   1.1846520066754889     
   1.1848369414477997     
   1.1848402836991443     
   1.1849185956888870     
   1.1849418599268373     
   1.1849666924972326     
   1.1852065176022102     
   1.1856667480823897     
   1.1860854727784946     
   1.1870965246518961     
   1.1871835814229299     
   1.1873735595330854     
   1.1875536757440073     
   1.1878635569077831     
   1.1879038195454710     
   1.1880051231799316     
   1.1883700943195208     
   1.1883744125182192     
   1.1884743893612300     
   1.1885571921172899     
   1.1889519369121384     
   1.1889691219007363     
   1.1890076580618190     
   1.1890544346467633     
   1.1891336517289677     
   1.1897793294660028     
   1.1898484516146430     
   1.1900572036876418     
   1.1903851718875247     
   1.1906066738381038     
   1.1906796839703548     
   1.1908738486369841     
   1.1909189651211971     
   1.1909966557712797     
   1.1911729055580378     
   1.1917202270301532     
   1.1917615045568095     
   1.1917942449445196     
   1.1919011142692255     
   1.1924510038579876     
   1.1925293638788363     
   1.1926893475771867     
   1.1928200106876075     
   1.1929021170108496     
   1.1931705334618157     
   1.1934598847441762     
   1.1936269278517386     
   1.1939020884554525     
   1.1939108912052483     
   1.1939686096748043     
   1.1940969886990402     
   1.1941946502055190     
   1.1942018640659835     
   1.1943055859760903     
   1.1945147199604136     
   1.1946745416414584     
   1.1950103276779986     
   1.1955379967904569     
   1.1956488236592804     
   1.1958209288290451     
   1.1958650026849749     
   1.1958768711032335     
   1.1960056256966598     
   1.1960483889878628     
   1.1961366651686638     
   1.1962140194056543     
   1.1964150333514754     
   1.1965888281142238     
   1.1968713395723105     
   1.1968852821095552     
   1.1969886367873968     
   1.1971303667715447     
   1.1972050459083492     
   1.1975058024475493     
   1.1975737799558175     
   1.1978587215080894     
   1.1978645168351396     
   1.1981804609419906     
   1.1983952219543066     
   1.1985938976709449     
   1.1989527231152326     
   1.1989721906536570     
   1.1991331151590967     
   1.1991427812428777     
   1.1994259881162823     
   1.1994353459489937     
   1.1995166828158346     
   1.1995863222616456     
   1.1998485009921476     
   1.1998750022454825     
   1.1999960290935914     
   1.2000748884950478     
   1.2002052823665796     
   1.2003272229297952     
   1.2003810996181365     
   1.2004250202735391     
   1.2008245435112985     
   1.2008283949490972     
   1.2014171786232435     
   1.2014355842200419     
   1.2014608691446365     
   1.2015407962331606     
   1.2015446739631126     
   1.2015617616920407     
   1.2016047292846190     
   1.2016337431727850     
   1.2021006501528693     
   1.2021606275437251     
   1.2022092114393690     
   1.2023681716431276     
   1.2027093715514663     
   1.2032537990276950     
   1.2034660684554725     
   1.2034799153185880     
   1.2036329676706086     
   1.2041080771414086     
   1.2042440107364072     
   1.2042597652052363     
   1.2045253660946285     
   1.2047243348060992     
   1.2048265149732162     
   1.2048359568370433     
   1.2054843987197046     
   1.2055426875173036     
   1.2059207552872675     
   1.2060914528688087     
   1.2061810865083575     
   1.2062908526819329     
   1.2064571197074760     
   1.2064974603078895     
   1.2065485727722587     
   1.2066271660209915     
   1.2068327825539924     
   1.2068702948954770     
   1.2069698580781454     
   1.2072016816819031     
   1.2072135963369752     
   1.2073910351818062     
   1.2075027838271899     
   1.2075425311188537     
   1.2076319315813127     
   1.2077805972751054     
   1.2079059362830713     
   1.2080960715188422     
   1.2081186901972203     
   1.2082286753009310     
   1.2082386084747776     
   1.2082635045070560     
   1.2083275060664991     
   1.2085951372310186     
   1.2089011121243947     
   1.2092755015797265     
   1.2094860189975829     
   1.2096168756318488     
   1.2100138991420315     
   1.2105447321055043     
   1.2109640992725341     
   1.2110798480078286     
   1.2111187389072156     
   1.2112981504794627     
   1.2113678613766286     
   1.2115231845896541     
   1.2115341961431243     
   1.2117349924664200     
   1.2118212542438735     
   1.2120983876888152     
   1.2125113153012561     
   1.2125661881638128     
   1.2126239829049541     
   1.2126422210491710     
   1.2129020584346921     
   1.2130343180704026     
   1.2130598456158803     
   1.2133236364048248     
   1.2133886168199364     
   1.2135368599376544     
   1.2140537686303419     
   1.2142751487757768     
   1.2144157495574182     
   1.2147157104570736     
   1.2147248518439446     
   1.2147742270402015     
   1.2148005800355044     
   1.2148851036579926     
   1.2149762106017619     
   1.2149782060338508     
   1.2150211849434196     
   1.2150768271854180     
   1.2151867901133315     
   1.2152600369180460     
   1.2155799971144503     
   1.2157134625847708     
   1.2159523390432894     
   1.2160253242033410     
   1.2160505577220599     
   1.2161722908877348     
   1.2163288711786655     
   1.2165705516345786     
   1.2166309006795775     
   1.2166438459618656     
   1.2166709838233858     
   1.2167736047604196     
   1.2168886274638602     
   1.2170719272479902     
   1.2173675738333123     
   1.2175035837186596     
   1.2175881850495960     
   1.2177198403887270     
   1.2177561047277330     
   1.2177858327485571     
   1.2178750912934040     
   1.2179130005851801     
   1.2182950132817985     
   1.2184171762827694     
   1.2185074050543561     
   1.2187333368974425     
   1.2188428284041091     
   1.2188874280655462     
   1.2191037786843806     
   1.2194775289960933     
   1.2196159149699062     
   1.2196204924306249     
   1.2197670905857840     
   1.2198675210649697     
   1.2199240564131435     
   1.2199292076688002     
   1.2200245157158975     
   1.2200456411656808     
   1.2200584698404826     
   1.2200999341517003     
   1.2204246061594328     
   1.2204911320957816     
   1.2206830398515602     
   1.2209498323117671     
   1.2211840252830082     
   1.2215157732956143     
   1.2215655055728514     
   1.2216598259299869     
   1.2217399641804199     
   1.2219870529685324     
   1.2222673068813392     
   1.2222754021255611     
   1.2222985677662273     
   1.2223097522808002     
   1.2224299714406317     
   1.2227749713366476     
   1.2229245576670156     
   1.2230083287513938     
   1.2230997433784017     
   1.2231018902982969     
   1.2234008345290663     
   1.2240575839595857     
   1.2241571083930898     
   1.2244377221833960     
   1.2245280286163678     
   1.2245459569542216     
   1.2246479550798279     
   1.2247842947157390     
   1.2248410521020734     
   1.2248927271081600     
   1.2249589885986381     
   1.2250225996692936     
   1.2253724577805807     
   1.2253936878298466     
   1.2254843389692891     
   1.2255103399794063     
   1.2256026226375609     
   1.2257169828865693     
   1.2257432500357230     
   1.2257619587117417     
   1.2257983469026874     
   1.2258518273270589     
   1.2259627434952598     
   1.2260406673103272     
   1.2261841146427528     
   1.2263177408919512     
   1.2263312542999234     
   1.2263538513857117     
   1.2265115307999184     
   1.2269716568754421     
   1.2272198720871303     
   1.2272337529469293     
   1.2277908990803139     
   1.2279118243836666     
   1.2280741012967589     
   1.2281425159600490     
   1.2281446041625519     
   1.2284022326680899     
   1.2287126976005818     
   1.2287812837114349     
   1.2291179223003166     
   1.2293045380665870     
   1.2294163042995674     
   1.2294456545489532     
   1.2295017291266612     
   1.2295303672463036     
   1.2297808059089785     
   1.2297870518201282     
   1.2301477311829125     
   1.2302840562202655     
   1.2304663418965760     
   1.2305134000784745     
   1.2305719489098568     
   1.2305870986553200     
   1.2306101759977848     
   1.2308606856588225     
   1.2308697489588585     
   1.2310737065826316     
   1.2313660425534836     
   1.2316306244433701     
   1.2316590614779603     
   1.2317140852637349     
   1.2317639381636265     
   1.2317914344007570     
   1.2322355518208179     
   1.2323666193153882     
   1.2323800234644828     
   1.2324324318899937     
   1.2327503309410262     
   1.2327708525783967     
   1.2327953761633907     
   1.2328789971288565     
   1.2332263821523772     
   1.2333453109656294     
   1.2334479210647873     
   1.2336052406929929     
   1.2336718844781758     
   1.2337211643438111     
   1.2337999149995893     
   1.2339039375263998     
   1.2339148362340453     
   1.2339793018434180     
   1.2340713588870564     
   1.2345716186813314     
   1.2347877700764494     
   1.2349285081418100     
   1.2350547253905484     
   1.2352897818426762     
   1.2353790528435933     
   1.2355236251032922     
   1.2357766769266880     
   1.2358133197337524     
   1.2359052826442334     
   1.2359421330128104     
   1.2360647138758536     
   1.2360649195205260     
   1.2360749390914785     
   1.2363402079003682     
   1.2364094636313856     
   1.2364194642173794     
   1.2365100192420315     
   1.2367165190351002     
   1.2367256366287356     
   1.2368467187125358     
   1.2369244442406564     
   1.2371057121534945     
   1.2371713728668063     
   1.2372946895668606     
   1.2373157725627604     
   1.2373202876613760     
   1.2373350028929107     
   1.2375828704422660     
   1.2377340812009390     
   1.2379096358665331     
   1.2379115486371473     
   1.2381208078938559     
   1.2382185140742781     
   1.2382989427473527     
   1.2384481333749118     
   1.2385042436557305     
   1.2385099006989611     
   1.2385435274453045     
   1.2387347427596447     
   1.2387642489517097     
   1.2388161597942147     
   1.2389144177472846     
   1.2394027697715728     
   1.2394392503577802     
   1.2395989184655767     
   1.2396455491029650     
   1.2396579133635099     
   1.2396638141583121     
   1.2398581815890413     
   1.2398832611278170     
   1.2399712522261077     
   1.2400572477856580     
   1.2403544809968259     
   1.2406012995106619     
   1.2407178035344546     
   1.2407615502335909     
   1.2408693951168455     
   1.2411065541606985     
   1.2411302721163890     
   1.2411322067337980     
   1.2412399863445445     
   1.2417354766878033     
   1.2417654497752275     
   1.2418237244895216     
   1.2419728968443928     
   1.2422953868476878     
   1.2423141822021737     
   1.2425070890932415     
   1.2425268539581225     
   1.2425856394119583     
   1.2428728672621558     
   1.2429156901536240     
   1.2430948327044431     
   1.2430957657767261     
   1.2431730016963392     
   1.2431771045913267     
   1.2432009765810650     
   1.2432606401645991     
   1.2435357144992119     
