        1000
   7.4562365320122781E-002
  0.10115961056558528     
  0.12406999527155894     
  0.15135880613161115     
  0.15540224995680513     
  0.15937080777597240     
  0.17473644085701109     
  0.18115713299059757     
  0.19771302539338659     
  0.21085265730555688     
  0.21194595630063578     
  0.21675642058903954     
  0.23196316821185622     
  0.24512969859491693     
  0.24669864314263623     
  0.25078598041347139     
  0.25142465812583015     
  0.25884980835953508     
  0.25966000154556429     
  0.26018717328767321     
  0.27557476217853227     
  0.27749905705662781     
  0.28886567540590558     
  0.28995338264135290     
  0.29861381597856557     
  0.30883117520555298     
  0.30925170459515755     
  0.31408624783017697     
  0.31637589396297372     
  0.31755797652517709     
  0.32023698830161623     
  0.32548569834827884     
  0.32615511748753651     
  0.33462895544187427     
  0.33612640256081777     
  0.33634242359657934     
  0.33715751307855801     
  0.34414853362720432     
  0.34435118697230482     
  0.34825988832704657     
  0.34886949063069572     
  0.34922747071279464     
  0.35062429687481156     
  0.35347637916507207     
  0.35394856471916497     
  0.35961126290428813     
  0.36262219520058092     
  0.36291407733630721     
  0.36475023603676382     
  0.36905636747294746     
  0.37423359843270038     
  0.37706961134922051     
  0.37732156858418048     
  0.37814895748049232     
  0.37954937952891671     
  0.38087655363517109     
  0.38133099472405968     
  0.38323411327217033     
  0.38679073897907951     
  0.38762207168168483     
  0.38951505134965331     
  0.39270369794285137     
  0.39430722218918041     
  0.39932604914113984     
  0.40007064095401568     
  0.40018192274173331     
  0.40037387512579919     
  0.40137936254928469     
  0.40208998513955513     
  0.40901904255140109     
  0.41031701097905710     
  0.41052780544459344     
  0.41056863747153494     
  0.41261840786833986     
  0.41317124823479690     
  0.41681445884042811     
  0.41946309081338523     
  0.42137609698007200     
  0.42144435430848803     
  0.42426800228076278     
  0.42944339720298919     
  0.43012991995057426     
  0.43350316235601932     
  0.43818900217429974     
  0.43848467308784378     
  0.44196470099307966     
  0.44419938293801930     
  0.44699622542027589     
  0.44718731572378745     
  0.45645437017402968     
  0.45747276227142403     
  0.45842971308234176     
  0.46674701212731873     
  0.46728913379064208     
  0.46747587568442717     
  0.46972656595988910     
  0.47027806125345634     
  0.47101437845697669     
  0.47355373638337217     
  0.47664754367668399     
  0.47694395292429387     
  0.47777482031735308     
  0.48136764490694678     
  0.48230801517608801     
  0.48368181249322062     
  0.48797940747998381     
  0.48967352086780419     
  0.49011311917472578     
  0.49142834395943824     
  0.49496591037477017     
  0.49629305534251417     
  0.49670644751291293     
  0.49675148995103091     
  0.49811067484153765     
  0.49913717874059427     
  0.50048330348126391     
  0.50112120588247244     
  0.50144366928302564     
  0.50173898058484334     
  0.50266544576658567     
  0.50365661400176565     
  0.50421071815028218     
  0.50798210697993051     
  0.50992042283828964     
  0.51097318049013463     
  0.51238434631960805     
  0.51306963753723978     
  0.51349491737053421     
  0.51466141584324310     
  0.51537758849858029     
  0.51566454947001827     
  0.51680482564424357     
  0.51745383748197393     
  0.51919524313025134     
  0.52219315849333714     
  0.52246857127359503     
  0.52291798292647840     
  0.52378595264447936     
  0.52443423205917594     
  0.52600317440917688     
  0.52936243880708744     
  0.52976125655331208     
  0.53108895193122330     
  0.53193512105759888     
  0.53263882871835555     
  0.53364980681606877     
  0.53529017777010335     
  0.53629752310901602     
  0.53775793146083362     
  0.53865364071768917     
  0.53949055147161273     
  0.53969134272988395     
  0.53977023722947215     
  0.54018118770453294     
  0.54138354039564140     
  0.54150513420196889     
  0.54378323143572604     
  0.54479112745481373     
  0.54653754855495762     
  0.54660825405256019     
  0.54810194397994028     
  0.55375062409332088     
  0.55524435341869249     
  0.55556933833977717     
  0.55588689342396869     
  0.55725226894126267     
  0.55741962475899820     
  0.55886192200606843     
  0.55909733530949246     
  0.55913267139487566     
  0.55939477683958994     
  0.55992024161611242     
  0.56056027366593209     
  0.56177534057248812     
  0.56183217422586773     
  0.56298993262104979     
  0.56354659131231644     
  0.56459998137095058     
  0.56585468205726552     
  0.56613040370590340     
  0.56940055731190542     
  0.57018313385664399     
  0.57151709669861295     
  0.57195131409417854     
  0.57292809633638819     
  0.57473875586607026     
  0.57578527627489118     
  0.57673519170687271     
  0.57801135748038224     
  0.57940155121955494     
  0.57960269816512078     
  0.58012765450677262     
  0.58039532970482599     
  0.58109941163998824     
  0.58276835485845868     
  0.58311198412633258     
  0.58551909685907733     
  0.58636192001075815     
  0.58874870680912483     
  0.58982178037117450     
  0.59053330271107540     
  0.59069623606745481     
  0.59183264995373353     
  0.59203439045280970     
  0.59211477563298831     
  0.59276851341111980     
  0.59337115963649845     
  0.59381337679231228     
  0.59440705549807293     
  0.59461294649994634     
  0.59493081930906144     
  0.59568262025531782     
  0.59643977081937705     
  0.59669609276113600     
  0.59803245077371292     
  0.59832558815914283     
  0.59895650192571259     
  0.59901733676855218     
  0.60047773653158965     
  0.60306941423418037     
  0.60348666771782011     
  0.60404866772732690     
  0.60431092245291362     
  0.60624272091494324     
  0.60727046146833463     
  0.60737133333086124     
  0.60797581358613617     
  0.61019650746560150     
  0.61222125203213307     
  0.61383348037754848     
  0.61465205042338467     
  0.61507328283132245     
  0.61521742570851934     
  0.61551712652458124     
  0.61634408652653350     
  0.61649956454027033     
  0.61698215425250702     
  0.61832859826159725     
  0.62016311552152059     
  0.62109095507103618     
  0.62156569228247516     
  0.62183520967197803     
  0.62493058200833829     
  0.62650998949170367     
  0.62664741592537132     
  0.62701162806495492     
  0.62745724496648514     
  0.62825728445947993     
  0.62854735487172908     
  0.62863210336925668     
  0.62875866898420429     
  0.62973533147088256     
  0.63111581151540186     
  0.63438205146590076     
  0.63479649801226279     
  0.63506802098812121     
  0.63712003707931153     
  0.63774349430322685     
  0.63845674218573334     
  0.64329557525103076     
  0.64376390472124934     
  0.64535335454104781     
  0.64584275589660201     
  0.64658337081378503     
  0.64686314980562898     
  0.64799893710178824     
  0.64817181433236537     
  0.64997562638297912     
  0.65007468966979742     
  0.65043594652655345     
  0.65068186310442777     
  0.65276442537470913     
  0.65397203291074935     
  0.65518880279079417     
  0.65578408332497429     
  0.65592289117389491     
  0.65680908927194670     
  0.65737091171009188     
  0.65796057795395557     
  0.65808976994945390     
  0.65920043348305668     
  0.65934059679885548     
  0.65974842995886418     
  0.66139672950591188     
  0.66165106600367296     
  0.66189028981799269     
  0.66274131794105795     
  0.66284556105904002     
  0.66285180877523364     
  0.66314761172674630     
  0.66426618591199871     
  0.66439655770943629     
  0.66466316325678965     
  0.66513664380269866     
  0.66535113403195068     
  0.66567058691963077     
  0.66590010757079043     
  0.66678007192850863     
  0.66889712069008378     
  0.66931906863320845     
  0.66964458845364383     
  0.66977593441623162     
  0.66990293050663563     
  0.67007041573866999     
  0.67071169661915420     
  0.67108505254417461     
  0.67185286851044590     
  0.67204070423187168     
  0.67222014698165378     
  0.67224660841534978     
  0.67225132429478884     
  0.67412344154993709     
  0.67429405153628563     
  0.67576276351205422     
  0.67757028622605153     
  0.67769688717305554     
  0.67847982326648848     
  0.67922627249223388     
  0.68110217561354669     
  0.68159500956679020     
  0.68280432092140309     
  0.68390752922096987     
  0.68449666110306873     
  0.68491065497417991     
  0.68552162306507236     
  0.68561537547635276     
  0.68625717308485867     
  0.68628759332638922     
  0.68680884142677212     
  0.68711317447144316     
  0.68812632448163347     
  0.68870863623339473     
  0.68959027936911255     
  0.69024963925923155     
  0.69052040486845823     
  0.69098494634711738     
  0.69222977932904939     
  0.69273149171530313     
  0.69290672590677815     
  0.69437027135351004     
  0.69796277368640003     
  0.69854205884982812     
  0.70034023710129423     
  0.70113501986731630     
  0.70122768638574906     
  0.70174479488340780     
  0.70270997695679915     
  0.70432144006599351     
  0.70441672006628964     
  0.70444520191031834     
  0.70459630706588716     
  0.70525087129481479     
  0.70544470746244403     
  0.70573045464003781     
  0.70586197112499705     
  0.70672968688393256     
  0.70712773367638349     
  0.70848333313693690     
  0.70903336892681867     
  0.71015300174528151     
  0.71079903561095481     
  0.71179762233018085     
  0.71225242930284038     
  0.71235816115863815     
  0.71304147351354363     
  0.71366516893004961     
  0.71367533589911814     
  0.71458053172265645     
  0.71541748436649411     
  0.71850133031094188     
  0.71912890948521579     
  0.71998651482510068     
  0.72038259492620316     
  0.72127741140386925     
  0.72129289910187044     
  0.72172930911766642     
  0.72298699708437064     
  0.72311491358909286     
  0.72313428748206188     
  0.72323309561540594     
  0.72335537462592581     
  0.72365864095136223     
  0.72396292943737239     
  0.72409994544391454     
  0.72417027599178063     
  0.72502272080994468     
  0.72577995204522305     
  0.72591489587572888     
  0.72660530388933209     
  0.72688347194865843     
  0.72962234087835665     
  0.72990956450135813     
  0.72991654661404382     
  0.73034218009291119     
  0.73056414727237995     
  0.73247968421893161     
  0.73282046238870913     
  0.73341598006746056     
  0.73381893495164419     
  0.73397732087653189     
  0.73439967477768076     
  0.73509219503110501     
  0.73621812332867442     
  0.73743661382991865     
  0.73749340708220246     
  0.73767986609328462     
  0.73855359367049556     
  0.73862048120846413     
  0.73921144115107440     
  0.73938158687459776     
  0.74048157583606189     
  0.74060043343418536     
  0.74086453837068411     
  0.74167661566841536     
  0.74187501572005732     
  0.74378818850942419     
  0.74427479692485954     
  0.74465520714384981     
  0.74568165648259876     
  0.74571292142590551     
  0.74589301834041610     
  0.74618420205262670     
  0.74620629444899433     
  0.74650988461870027     
  0.74680339276613850     
  0.74693764794968853     
  0.74707579477611552     
  0.74764335301453300     
  0.74793297369661682     
  0.74859190116722385     
  0.74919648599831912     
  0.74922534644216454     
  0.74924301489827216     
  0.74927779167592912     
  0.75183189818006146     
  0.75317940950438733     
  0.75371036822049853     
  0.75439902228613209     
  0.75659731485558901     
  0.75690053059515139     
  0.75696049530856158     
  0.75712215354239609     
  0.75715125105284198     
  0.75791081493920753     
  0.75827729661829379     
  0.75974538350660226     
  0.76018021006364866     
  0.76126078906137606     
  0.76261714680488601     
  0.76307700029013303     
  0.76356854630808690     
  0.76377782332032262     
  0.76420111640184674     
  0.76439424863056138     
  0.76466897541615031     
  0.76732276115357589     
  0.77045768560044892     
  0.77137959463446149     
  0.77167310937539169     
  0.77197915726052624     
  0.77216196490353672     
  0.77330255458996344     
  0.77333456625063124     
  0.77356198917653107     
  0.77492017130768354     
  0.77637154393366270     
  0.77639932174997683     
  0.77732363685554917     
  0.77812959363939838     
  0.77872089689002588     
  0.78060236532783767     
  0.78129287519969814     
  0.78199913913509089     
  0.78287107547562196     
  0.78352656265804888     
  0.78531144607143510     
  0.78548773227119717     
  0.78817820430743790     
  0.78837645750088481     
  0.78857890730846070     
  0.78877790546569637     
  0.78959020121238732     
  0.78988309262535505     
  0.79097343074118243     
  0.79107075553356221     
  0.79153891590503278     
  0.79193671022239454     
  0.79342492107063689     
  0.79384056182654894     
  0.79387966738435112     
  0.79552525776719141     
  0.79675230639194017     
  0.79684046162285782     
  0.79689683230275243     
  0.79708373919967035     
  0.79752067447256847     
  0.79840773459473358     
  0.79939999580687604     
  0.79998275776066385     
  0.80014766939657755     
  0.80067620829489483     
  0.80120137262279711     
  0.80128009874303308     
  0.80199109576153060     
  0.80275524832027789     
  0.80366229947274814     
  0.80396652602139973     
  0.80431803651731881     
  0.80454268981448518     
  0.80504688439192373     
  0.80505178206769712     
  0.80594345773138421     
  0.80627449886915925     
  0.80641577668198894     
  0.80660050267137640     
  0.80812951872961003     
  0.80866897517488057     
  0.81069476229652537     
  0.81080660535531668     
  0.81091753876501149     
  0.81105525099803244     
  0.81195506833237985     
  0.81202545479772315     
  0.81230648912898118     
  0.81235155450798791     
  0.81269306978615319     
  0.81280944566713054     
  0.81302192757844438     
  0.81311406288173393     
  0.81325074613531667     
  0.81350758251514887     
  0.81378789034034382     
  0.81382835528809117     
  0.81398909277546205     
  0.81400137508875847     
  0.81532720486063326     
  0.81587715078027412     
  0.81643300962809484     
  0.81644515037550691     
  0.81650703343609432     
  0.81714959473467719     
  0.81741234992622469     
  0.81741244148711945     
  0.81750863588046274     
  0.81859673426642199     
  0.81904811125531374     
  0.81929512807778393     
  0.81994279766477940     
  0.82002450210627476     
  0.82003444877728171     
  0.82142303985163778     
  0.82168742236126335     
  0.82207236964445618     
  0.82315023495982031     
  0.82377096736185973     
  0.82484433188082384     
  0.82544139663321969     
  0.82551088572379083     
  0.82587444433442658     
  0.82651350183194938     
  0.82707678434800991     
  0.82798923547494674     
  0.82835012863574775     
  0.82941356995596327     
  0.82954386532422608     
  0.82958869251635214     
  0.83050580155273546     
  0.83077958583006795     
  0.83084465261986740     
  0.83290713404437566     
  0.83339147286356297     
  0.83342663948313123     
  0.83359799256476541     
  0.83385557790571652     
  0.83597987569558152     
  0.83615295090944619     
  0.83615588349102665     
  0.83626992069909067     
  0.83660496531875095     
  0.83680063546020156     
  0.83800165595692355     
  0.83803886024988794     
  0.83814275199178156     
  0.83887928425460101     
  0.83902333325283729     
  0.83926387687105863     
  0.83934698699000909     
  0.83939963453585109     
  0.83996742541792624     
  0.84008443359968221     
  0.84023826242887389     
  0.84029627193031842     
  0.84078397769750435     
  0.84211908279723169     
  0.84241345291707515     
  0.84264068152498084     
  0.84336328799885329     
  0.84542538315894711     
  0.84708874317099814     
  0.84736250975193905     
  0.84750972993674856     
  0.84787078221129386     
  0.84789793346365094     
  0.84902450240934801     
  0.84965954519134734     
  0.85016161496987908     
  0.85066210551789545     
  0.85071236829346852     
  0.85107417965979493     
  0.85120673860279961     
  0.85147488935313687     
  0.85178683059734106     
  0.85180526866410455     
  0.85337092859638575     
  0.85620484306715794     
  0.85679447710774836     
  0.85695907454598752     
  0.85755942151236564     
  0.85770662919873319     
  0.85799185835080305     
  0.85813337615521645     
  0.85895988453408667     
  0.85899941021180870     
  0.85910467151070347     
  0.85923616031698313     
  0.85994781641339590     
  0.86038329044156647     
  0.86105827897422182     
  0.86221266200144209     
  0.86242985403857797     
  0.86301115210917645     
  0.86398160267911517     
  0.86411859806796354     
  0.86465766108589570     
  0.86559492315626463     
  0.86578825619278310     
  0.86585983294500912     
  0.86600104220106877     
  0.86613713903915424     
  0.86711280095966980     
  0.86843201045426988     
  0.86874325414175380     
  0.86972674838732933     
  0.87045741461847237     
  0.87077508011776117     
  0.87103901973886178     
  0.87131074297526157     
  0.87131917346751697     
  0.87276755513569193     
  0.87318778915649331     
  0.87343536309733416     
  0.87467196892936516     
  0.87497143386209686     
  0.87512898228927249     
  0.87514017049475024     
  0.87546671287747935     
  0.87566687646906238     
  0.87600118850521591     
  0.87629557206693032     
  0.87650877117352621     
  0.87717390905399262     
  0.87734302834932676     
  0.87784215694593837     
  0.87936422492631672     
  0.87944520488430244     
  0.87951839738217130     
  0.87958700912449506     
  0.87984076541164646     
  0.87989177496929827     
  0.87993827723284013     
  0.88041698610022112     
  0.88045601242017002     
  0.88128337675781432     
  0.88161364867694925     
  0.88177713391407242     
  0.88227486523761278     
  0.88273671683957622     
  0.88452605373607374     
  0.88459932097049154     
  0.88476529342405374     
  0.88523779840830263     
  0.88534068521363440     
  0.88574773502010251     
  0.88613075986132062     
  0.88682865005068734     
  0.88706924862361369     
  0.88708680269249440     
  0.88738125676331681     
  0.88758042311085295     
  0.88761973583780018     
  0.88784730880802010     
  0.88970601686513029     
  0.88994396881256965     
  0.89061062254911250     
  0.89064105619900436     
  0.89102321295803799     
  0.89127299391482451     
  0.89183361898587288     
  0.89238191272813483     
  0.89245593243152965     
  0.89524579296839712     
  0.89558839433884163     
  0.89567798202006288     
  0.89721926312158518     
  0.89740680283705654     
  0.89822206699624174     
  0.89862743396587519     
  0.89895688181808520     
  0.89944349162360959     
  0.89958609870530060     
  0.89985143229015274     
  0.89999821188591644     
  0.90001247079304525     
  0.90011131310292403     
  0.90033298855304988     
  0.90058075663054582     
  0.90131596865583385     
  0.90173201706195405     
  0.90180523956029124     
  0.90194819299747553     
  0.90224444572601770     
  0.90294382974322385     
  0.90305248771322755     
  0.90324398111190518     
  0.90446468562659732     
  0.90541749700703911     
  0.90586018214641439     
  0.90618703444388560     
  0.90665425764773333     
  0.90799834657656575     
  0.90803498998901688     
  0.90983408927501908     
  0.90998607720647262     
  0.90999292750358474     
  0.91003523545589915     
  0.91015403994404454     
  0.91017624043286982     
  0.91072074865566754     
  0.91114921738321286     
  0.91137165486462590     
  0.91152822945899004     
  0.91157348911307212     
  0.91181966606864828     
  0.91191657760254685     
  0.91218260950192320     
  0.91241099973830164     
  0.91252662494454750     
  0.91281094574043065     
  0.91326461995431829     
  0.91374926007732371     
  0.91399356944631394     
  0.91421948851580770     
  0.91443734804632759     
  0.91490146405237249     
  0.91526378735058744     
  0.91553325372729466     
  0.91732370230677351     
  0.91760978039576935     
  0.91829960409178513     
  0.91886028591514257     
  0.91910448237849651     
  0.91922161200251529     
  0.91995482011581009     
  0.92040814008452188     
  0.92078480951858177     
  0.92088762020003290     
  0.92098161994348815     
  0.92123236226332705     
  0.92158262599835827     
  0.92190044427946216     
  0.92197036804368515     
  0.92209390622018317     
  0.92218866168818292     
  0.92311022309779256     
  0.92347603787009025     
  0.92385513885774917     
  0.92418688768527979     
  0.92438169289614391     
  0.92474638119639385     
  0.92498236038685100     
  0.92498814187603762     
  0.92508858002199867     
  0.92509912740859090     
  0.92533091227873299     
  0.92534793286340522     
  0.92667686640399438     
  0.92748728849354067     
  0.92810829070264456     
  0.92850467043735818     
  0.92865811036261403     
  0.92935497354646235     
  0.92942588230151912     
  0.92949327160646489     
  0.93012914853875384     
  0.93043091632135588     
  0.93048944397737066     
  0.93067127725724730     
  0.93146386126969294     
  0.93215749524588820     
  0.93218313359814264     
  0.93269438583801489     
  0.93271543520065647     
  0.93327308519529795     
  0.93346569882622943     
  0.93371862547399276     
  0.93373081208882780     
  0.93373956115073264     
  0.93374160489314262     
  0.93393603922368562     
  0.93415252767303381     
  0.93449477186795438     
  0.93461917913513415     
  0.93478256384502478     
  0.93504778515018205     
  0.93512094626415254     
  0.93524729345599344     
  0.93525844897585508     
  0.93542727559686212     
  0.93547364972175584     
  0.93560814777380652     
  0.93598789959824047     
  0.93623356201501773     
  0.93718125324006440     
  0.93813396366632873     
  0.93823897337403106     
  0.93835398642216772     
  0.93881272251642223     
  0.93979307013105207     
  0.94054796081210912     
  0.94090583369483827     
  0.94099041987993903     
  0.94147120315438337     
  0.94171318031323048     
  0.94173617090466200     
  0.94202764189341837     
  0.94226012249335722     
  0.94234424769246306     
  0.94260401628497414     
  0.94314907493963451     
  0.94331865610331667     
  0.94340634499926457     
  0.94360073218651963     
  0.94426242117737202     
  0.94475407480386475     
  0.94488305835085318     
  0.94497982808846526     
  0.94498602360483763     
  0.94516792822250617     
  0.94523579298401483     
  0.94529442005170583     
  0.94548195811036750     
  0.94560138831958651     
  0.94569104231330581     
  0.94638673424483888     
  0.94639146457776524     
  0.94775761196447339     
  0.94826626320138219     
  0.94845455786436661     
  0.94980557317044156     
  0.94995121799096738     
  0.95033025642227886     
  0.95052602768272509     
  0.95072674954709269     
  0.95084595928582671     
  0.95123530480535168     
  0.95126783902739676     
  0.95195749301595634     
  0.95268451175084923     
  0.95293041034782222     
  0.95322285512635563     
  0.95384798897090162     
  0.95446802377586126     
  0.95575871827964820     
  0.95600045471367290     
  0.95624795444618205     
  0.95640403075487945     
  0.95755803942366158     
  0.95774388936417776     
  0.95806576371470564     
  0.95842831554816066     
  0.95884798659969006     
  0.95905764746517985     
  0.95909627177259205     
  0.95938614510295994     
  0.95965168999717121     
  0.96031749330991700     
  0.96179839898865493     
  0.96208662077920704     
  0.96226912660764252     
  0.96251387616033091     
  0.96255458117766601     
  0.96266055673888440     
  0.96289857451885896     
  0.96328009561737649     
  0.96356318250384709     
  0.96401550324396579     
  0.96410715500406452     
  0.96471095884304081     
  0.96524625138688280     
  0.96557782149743032     
  0.96570438097752220     
  0.96589377268583754     
  0.96599470821483591     
  0.96639199850054258     
  0.96729685274936605     
  0.96749883962348604     
  0.96752385698808552     
  0.96806739039194067     
  0.96896397770411491     
  0.96937880054845493     
  0.96949795993502086     
  0.96989092549478639     
  0.96990988929131383     
  0.97008362579725582     
  0.97018273788045417     
  0.97061915271007537     
  0.97062966601788958     
  0.97082554465615689     
  0.97087792902039760     
  0.97090659637686283     
  0.97150376978636932     
  0.97211948911429080     
  0.97213757048872618     
  0.97224524254503142     
  0.97244362828706588     
  0.97313924180835198     
  0.97342369714610755     
  0.97369988225063386     
  0.97430851422197018     
  0.97446193619226407     
  0.97535003408455456     
  0.97596148556259743     
  0.97662994790521895     
  0.97749679908114040     
  0.97808816224122819     
  0.97874634355295298     
  0.97877335784569641     
  0.97992576179865420     
  0.98032131507979337     
  0.98045831098273084     
  0.98046623825367141     
  0.98090929401035942     
  0.98095371531900932     
  0.98131688056830635     
  0.98146788780556626     
  0.98162657440022250     
  0.98223494524621102     
  0.98252207584461382     
  0.98255701836514620     
  0.98280131302216700     
  0.98311700211979924     
  0.98482813440765427     
  0.98508326730562379     
  0.98600015983118106     
  0.98655417609589768     
  0.98696729821303697     
  0.98700171497447009     
  0.98711843385663089     
  0.98737523980429309     
  0.98808141780594150     
  0.98832796524870370     
  0.98880940274835960     
  0.98939369194852589     
  0.98950800449518894     
  0.98958275903864579     
  0.98959117323890278     
  0.98985919743686479     
  0.99017277410108007     
  0.99020700220330959     
  0.99043681650379256     
  0.99058359556144193     
  0.99074998501981870     
  0.99134276907237451     
  0.99141039098452188     
  0.99154220814300653     
  0.99176758603993809     
  0.99185650396307323     
  0.99236366897445616     
  0.99266593550526372     
  0.99301710309080393     
  0.99317151402378934     
  0.99366190207639582     
  0.99378772342230492     
  0.99447082467764769     
  0.99526069252790916     
  0.99596479173132935     
  0.99611123328594131     
  0.99636443150686493     
  0.99670630048007403     
  0.99692346286925204     
  0.99731477454902673     
  0.99823867660984433     
  0.99889894514930733     
  0.99894568723245580     
  0.99896298947352025     
  0.99916436898539973     
  0.99967090251419799     
  0.99967736994681100     
  0.99979610950683484     
  0.99993428493569070     
