         100
  0.256366909    
   1.04501939    
   1.08613169    
   1.20995271    
   1.26398170    
   1.41517222    
   1.20592201    
   1.09215248    
   1.36733401    
   1.12446451    
   1.27538824    
  0.890159190    
   1.30698085    
   1.19545305    
   1.35769105    
   1.35517621    
  0.489096701    
   1.03639400    
  0.796073437    
  0.390880942    
   1.37685049    
   1.39401889    
   1.11982667    
  0.977359414    
   1.21427417    
  0.949759841    
   1.41120780    
   1.19549608    
   1.01203704    
   1.00509715    
   1.34912372    
  0.986586988    
   1.16991162    
  0.827505589    
  0.180363670    
  0.448090762    
   1.43423188    
   1.25496840    
   1.29189992    
   1.39573658    
   1.22563422    
  0.201571241    
   1.30286837    
  0.914038956    
   1.35726035    
   1.01493132    
  0.709410727    
   1.06507719    
  0.871255279    
  0.797365785    
   1.15904415    
   1.36632502    
   1.10522270    
   1.24016416    
  0.939320803    
   1.21596742    
   1.27969921    
   1.08436430    
  0.587466478    
   1.37082756    
  0.484031945    
  0.935074389    
   1.41937423    
   1.29292655    
  0.825091243    
  0.971739233    
   1.13637424    
   1.16728723    
   1.10410380    
   1.06368339    
   1.25449145    
  0.915067136    
  0.941223860    
   1.05290008    
   1.14896595    
   1.18422520    
   1.30935979    
   1.40141606    
   1.17002773    
   1.24455762    
  0.907660604    
  0.389375567    
  0.930046856    
   1.26094639    
  0.888299406    
   1.30422139    
  0.835690618    
   1.01859570    
   1.33990896    
   1.39446747    
  0.781462371    
  0.619738817    
  0.944644153    
   1.03017712    
  0.795851946    
  0.922084689    
   1.22946191    
   1.09747958    
   1.32656837    
   1.05384457    
