        1000
   3.68144512E-02
  0.101923645    
  0.131201386    
  0.131553233    
  0.133874774    
  0.136479259    
  0.143869638    
  0.152013838    
  0.192693889    
  0.194212437    
  0.207246482    
  0.210364044    
  0.213445485    
  0.213455558    
  0.218957603    
  0.239008784    
  0.243441463    
  0.249848783    
  0.266140521    
  0.267660618    
  0.275033414    
  0.282610595    
  0.299197733    
  0.302398324    
  0.306161046    
  0.308720767    
  0.313870192    
  0.315585315    
  0.315609097    
  0.316247344    
  0.316471517    
  0.322307050    
  0.326963723    
  0.332074285    
  0.333126545    
  0.333680630    
  0.335438907    
  0.336988866    
  0.345059097    
  0.345975041    
  0.348677039    
  0.353410304    
  0.354790032    
  0.357148588    
  0.359715044    
  0.360061228    
  0.360586166    
  0.364547670    
  0.364832163    
  0.370098591    
  0.371549189    
  0.371991754    
  0.374494851    
  0.376667738    
  0.376976252    
  0.381142020    
  0.382270336    
  0.384337783    
  0.384880543    
  0.387212098    
  0.388959348    
  0.393163919    
  0.395522356    
  0.395834506    
  0.397953153    
  0.399887085    
  0.400095582    
  0.400892615    
  0.403337955    
  0.407912731    
  0.408474624    
  0.409743130    
  0.410167634    
  0.411065102    
  0.414092720    
  0.416512847    
  0.418131232    
  0.418138146    
  0.419395089    
  0.423197567    
  0.426747262    
  0.427075207    
  0.431144953    
  0.431812525    
  0.432189226    
  0.435614705    
  0.437672317    
  0.439292014    
  0.440547526    
  0.441305637    
  0.443531752    
  0.443961263    
  0.446933270    
  0.447396100    
  0.447555661    
  0.447748065    
  0.450191796    
  0.451112330    
  0.454871416    
  0.456196487    
  0.458219290    
  0.463808835    
  0.465275049    
  0.466683328    
  0.468546093    
  0.470613062    
  0.470919847    
  0.471888483    
  0.473846495    
  0.477938235    
  0.479086816    
  0.479322672    
  0.480351567    
  0.484115005    
  0.484593749    
  0.485544086    
  0.486336291    
  0.487279773    
  0.488360226    
  0.492074549    
  0.492888808    
  0.496721029    
  0.497347474    
  0.497756004    
  0.501596034    
  0.502871931    
  0.504582345    
  0.505476832    
  0.506190598    
  0.509486556    
  0.510706067    
  0.511968315    
  0.512267292    
  0.512314081    
  0.512798309    
  0.513411105    
  0.515423357    
  0.517515063    
  0.523705840    
  0.523847640    
  0.525379539    
  0.525477767    
  0.525831401    
  0.526806474    
  0.528085411    
  0.529157579    
  0.529878438    
  0.531991005    
  0.533223569    
  0.533994973    
  0.535542727    
  0.537635505    
  0.539543390    
  0.540268898    
  0.540295124    
  0.541711092    
  0.543167531    
  0.543387651    
  0.543977082    
  0.543999910    
  0.545541883    
  0.546523452    
  0.549200296    
  0.549545407    
  0.550491154    
  0.553545415    
  0.553864062    
  0.554106414    
  0.554191411    
  0.556210160    
  0.556733608    
  0.556964517    
  0.557965219    
  0.558907688    
  0.560928583    
  0.561162949    
  0.562882185    
  0.566081524    
  0.567105532    
  0.570293963    
  0.571101606    
  0.571161389    
  0.571986258    
  0.572166800    
  0.573100388    
  0.574934244    
  0.576221764    
  0.576571584    
  0.577822149    
  0.578149259    
  0.578788936    
  0.579943597    
  0.581368625    
  0.582284391    
  0.582590997    
  0.583975852    
  0.584193408    
  0.584725797    
  0.584752679    
  0.585979819    
  0.586894155    
  0.588265181    
  0.588392258    
  0.588701904    
  0.589899540    
  0.590537906    
  0.590727806    
  0.590777814    
  0.591181576    
  0.592081845    
  0.592348158    
  0.593138695    
  0.596829832    
  0.598152399    
  0.598999321    
  0.600013494    
  0.601411462    
  0.602451205    
  0.603371978    
  0.610334754    
  0.611466408    
  0.611609042    
  0.611791134    
  0.612013698    
  0.613896191    
  0.614761770    
  0.616406322    
  0.616818845    
  0.616919219    
  0.618071437    
  0.618537128    
  0.619114161    
  0.619172037    
  0.620268404    
  0.622450948    
  0.623391628    
  0.624751091    
  0.626033604    
  0.626828849    
  0.629315853    
  0.629693449    
  0.631259382    
  0.632821918    
  0.633174777    
  0.633613110    
  0.633885026    
  0.634577274    
  0.635386765    
  0.635568798    
  0.635847509    
  0.636035919    
  0.636276305    
  0.636372089    
  0.636492908    
  0.637205064    
  0.637960494    
  0.638010383    
  0.638495505    
  0.639112949    
  0.640203536    
  0.641482174    
  0.642705739    
  0.644104481    
  0.644641221    
  0.645815849    
  0.646353781    
  0.646528840    
  0.647932529    
  0.648957312    
  0.649414837    
  0.650524735    
  0.651029170    
  0.651484311    
  0.651879966    
  0.653324068    
  0.653422475    
  0.656944752    
  0.657413125    
  0.657470286    
  0.659135699    
  0.659538984    
  0.659994364    
  0.661118388    
  0.662486613    
  0.664853513    
  0.666426480    
  0.666442692    
  0.667759299    
  0.668331385    
  0.668746293    
  0.669606268    
  0.670355260    
  0.670484006    
  0.671211541    
  0.671572328    
  0.672154605    
  0.672283411    
  0.673253119    
  0.673703611    
  0.674528718    
  0.674662292    
  0.674886644    
  0.674956679    
  0.675051689    
  0.675126910    
  0.675456822    
  0.675613701    
  0.676709056    
  0.678314209    
  0.678538740    
  0.680244565    
  0.680871785    
  0.681426883    
  0.681646109    
  0.682183385    
  0.682274699    
  0.682358742    
  0.683847368    
  0.684288144    
  0.685711443    
  0.685844839    
  0.687921882    
  0.688687742    
  0.689685762    
  0.690869570    
  0.691166461    
  0.691578031    
  0.692104757    
  0.692613780    
  0.692641795    
  0.692643404    
  0.692805529    
  0.693813264    
  0.694347024    
  0.695079088    
  0.695138514    
  0.695581675    
  0.696821153    
  0.697096467    
  0.698701262    
  0.699484169    
  0.699951291    
  0.700431585    
  0.700833917    
  0.700953305    
  0.702548146    
  0.703349113    
  0.703444302    
  0.703448176    
  0.703524947    
  0.703898430    
  0.703935504    
  0.704294562    
  0.705313981    
  0.705623686    
  0.707012594    
  0.707940698    
  0.709059238    
  0.710191965    
  0.710552394    
  0.712032199    
  0.712152362    
  0.712539911    
  0.713127375    
  0.714812040    
  0.718061268    
  0.718494058    
  0.719668865    
  0.719965637    
  0.720650971    
  0.722463369    
  0.723845124    
  0.724026978    
  0.724272251    
  0.724307537    
  0.725057423    
  0.727657437    
  0.728932738    
  0.729945004    
  0.730023324    
  0.730617523    
  0.730736077    
  0.732451141    
  0.732985020    
  0.733152747    
  0.734266758    
  0.734309435    
  0.734468400    
  0.735137224    
  0.735874951    
  0.736176729    
  0.737374544    
  0.737564325    
  0.737916529    
  0.737948775    
  0.738459051    
  0.739409804    
  0.739482045    
  0.739645064    
  0.740165889    
  0.740935206    
  0.741006613    
  0.741714060    
  0.741979182    
  0.742722452    
  0.743622363    
  0.743678570    
  0.743725777    
  0.744650662    
  0.745154321    
  0.745839179    
  0.745898843    
  0.745923638    
  0.746213019    
  0.746736169    
  0.747326136    
  0.748268962    
  0.748407006    
  0.748817503    
  0.749384403    
  0.749423623    
  0.749701858    
  0.750531614    
  0.751409948    
  0.752555966    
  0.753632486    
  0.754115701    
  0.754902363    
  0.755573928    
  0.755732358    
  0.757415354    
  0.758246362    
  0.758365512    
  0.759795249    
  0.759829283    
  0.759858966    
  0.764185369    
  0.764493704    
  0.765199304    
  0.765218675    
  0.765688539    
  0.765752017    
  0.766266167    
  0.766291320    
  0.766342938    
  0.766843319    
  0.767413259    
  0.767506003    
  0.767764032    
  0.767923295    
  0.767993629    
  0.768204570    
  0.768433154    
  0.768434703    
  0.768821180    
  0.768900216    
  0.769708753    
  0.769798219    
  0.770755649    
  0.771611929    
  0.772008181    
  0.772093892    
  0.772621691    
  0.773488820    
  0.773638368    
  0.773694396    
  0.775160909    
  0.775655091    
  0.775824487    
  0.776201546    
  0.777865410    
  0.779131711    
  0.779415607    
  0.779618025    
  0.779849827    
  0.781772494    
  0.781990230    
  0.782795906    
  0.782819808    
  0.783060730    
  0.783147275    
  0.783240974    
  0.783482492    
  0.783879817    
  0.784343064    
  0.785368860    
  0.785501003    
  0.785524487    
  0.786199987    
  0.786440074    
  0.787300587    
  0.789199769    
  0.789582908    
  0.790377080    
  0.790451407    
  0.790905535    
  0.790946841    
  0.791129053    
  0.791410923    
  0.791683972    
  0.791975677    
  0.792006493    
  0.793071866    
  0.794605553    
  0.795371711    
  0.795440853    
  0.795706749    
  0.796854198    
  0.797147632    
  0.797356248    
  0.797651947    
  0.798872709    
  0.799800396    
  0.800498843    
  0.800643146    
  0.801154733    
  0.801520884    
  0.802008390    
  0.803293526    
  0.804510713    
  0.804674745    
  0.805920720    
  0.806132555    
  0.806163907    
  0.806261539    
  0.806669056    
  0.806961834    
  0.807461858    
  0.808330595    
  0.808552384    
  0.809057415    
  0.810368359    
  0.810890794    
  0.811279297    
  0.812075675    
  0.812986732    
  0.813585997    
  0.815519214    
  0.816138506    
  0.816461802    
  0.817464173    
  0.818209231    
  0.819185197    
  0.819561541    
  0.819856703    
  0.820571244    
  0.820813775    
  0.821548820    
  0.822114766    
  0.822258711    
  0.822421014    
  0.822924554    
  0.823125541    
  0.823317170    
  0.823568404    
  0.823865712    
  0.824578106    
  0.824602723    
  0.824999273    
  0.825128853    
  0.825311840    
  0.825488150    
  0.826387167    
  0.826760650    
  0.826783836    
  0.826966166    
  0.828318179    
  0.829522133    
  0.829832196    
  0.829983711    
  0.830215275    
  0.830486357    
  0.831680357    
  0.832446694    
  0.832665086    
  0.832790971    
  0.833228350    
  0.833573759    
  0.833782256    
  0.833850980    
  0.834098339    
  0.834977925    
  0.835448802    
  0.836008906    
  0.836088181    
  0.836609662    
  0.837991834    
  0.838395417    
  0.838722527    
  0.839006722    
  0.839107573    
  0.839664459    
  0.841348588    
  0.841620445    
  0.841702402    
  0.841881335    
  0.842172801    
  0.842457771    
  0.842583895    
  0.842970490    
  0.842990398    
  0.843460679    
  0.844113111    
  0.844587386    
  0.844893992    
  0.844924331    
  0.845371604    
  0.846110225    
  0.847019374    
  0.847145498    
  0.847396195    
  0.847776771    
  0.848935485    
  0.849519253    
  0.850353122    
  0.850613296    
  0.851461589    
  0.851676226    
  0.852268934    
  0.852480829    
  0.852547228    
  0.852855206    
  0.855176091    
  0.855309606    
  0.855489135    
  0.855767488    
  0.855972528    
  0.856170893    
  0.856187999    
  0.856249511    
  0.858802438    
  0.859089732    
  0.859096885    
  0.859395683    
  0.859927475    
  0.860149920    
  0.861214876    
  0.861443102    
  0.861649275    
  0.861713588    
  0.862287700    
  0.862576962    
  0.862962663    
  0.863406956    
  0.864538014    
  0.865077615    
  0.865121961    
  0.865773678    
  0.865992785    
  0.867719293    
  0.867855489    
  0.868307292    
  0.869518280    
  0.869646490    
  0.869914949    
  0.870028853    
  0.872487724    
  0.873664975    
  0.874019384    
  0.874132216    
  0.874154568    
  0.874902904    
  0.875084937    
  0.875532269    
  0.875577927    
  0.875663757    
  0.876130164    
  0.876233578    
  0.876780868    
  0.877199829    
  0.877756178    
  0.878089488    
  0.878368855    
  0.878527939    
  0.878721774    
  0.879060388    
  0.879510105    
  0.879537702    
  0.879956126    
  0.881263375    
  0.881755888    
  0.882734060    
  0.883124232    
  0.883683443    
  0.883952498    
  0.884106457    
  0.884866416    
  0.885039806    
  0.885807693    
  0.886669874    
  0.887019098    
  0.887462616    
  0.887525380    
  0.887554944    
  0.887702942    
  0.887793541    
  0.888049722    
  0.888498664    
  0.888507187    
  0.888868928    
  0.888906658    
  0.889229000    
  0.889482796    
  0.889853239    
  0.890417695    
  0.890507519    
  0.890725672    
  0.890853822    
  0.891295969    
  0.891476393    
  0.891588271    
  0.892634869    
  0.892659605    
  0.892742217    
  0.893558919    
  0.894788206    
  0.895124018    
  0.895292699    
  0.895316303    
  0.895342827    
  0.895383775    
  0.895589888    
  0.895932376    
  0.896260738    
  0.896589637    
  0.897257328    
  0.897339523    
  0.897441506    
  0.898925841    
  0.899179399    
  0.899259686    
  0.900026917    
  0.901668966    
  0.901825190    
  0.901851892    
  0.901973009    
  0.902187109    
  0.902422905    
  0.902572036    
  0.902936280    
  0.903116286    
  0.903370440    
  0.903579056    
  0.905700266    
  0.905844152    
  0.905952096    
  0.905979931    
  0.907992423    
  0.908170104    
  0.908648312    
  0.908923447    
  0.909111857    
  0.909467518    
  0.910060287    
  0.910571754    
  0.910785794    
  0.911023676    
  0.911318779    
  0.912159324    
  0.912484944    
  0.913404942    
  0.913736641    
  0.913925111    
  0.914208353    
  0.914578021    
  0.915347219    
  0.915632129    
  0.916123807    
  0.916691124    
  0.917465091    
  0.918709278    
  0.919487774    
  0.919694901    
  0.919967830    
  0.920338750    
  0.920901954    
  0.920984209    
  0.921760082    
  0.921983659    
  0.922496140    
  0.922964633    
  0.923182011    
  0.923293531    
  0.923660457    
  0.923811734    
  0.925181270    
  0.927357733    
  0.927566707    
  0.928081095    
  0.928558409    
  0.928601146    
  0.928637207    
  0.928710043    
  0.928941250    
  0.929417789    
  0.929461658    
  0.929808080    
  0.929872155    
  0.929910004    
  0.930311620    
  0.931371272    
  0.931506872    
  0.931706727    
  0.931768477    
  0.932342947    
  0.932514787    
  0.933233619    
  0.933829188    
  0.933968484    
  0.935212731    
  0.935339510    
  0.936460197    
  0.936525285    
  0.936723411    
  0.936908126    
  0.937251449    
  0.937524498    
  0.937590063    
  0.937663615    
  0.937726498    
  0.938639700    
  0.938646913    
  0.939214230    
  0.939895689    
  0.940155983    
  0.941017389    
  0.941153944    
  0.941573799    
  0.941904962    
  0.942180037    
  0.943688929    
  0.943949938    
  0.944324136    
  0.944950938    
  0.944978476    
  0.945234895    
  0.945417941    
  0.945420921    
  0.945462883    
  0.946569502    
  0.947064281    
  0.947277129    
  0.947621822    
  0.947899461    
  0.948395252    
  0.949249208    
  0.949727535    
  0.949917316    
  0.950288594    
  0.950390518    
  0.951646864    
  0.951813459    
  0.951911211    
  0.951966405    
  0.952606320    
  0.952703476    
  0.952997983    
  0.953162909    
  0.953331292    
  0.953525841    
  0.953809798    
  0.954258502    
  0.954834938    
  0.955039859    
  0.955104589    
  0.955396473    
  0.955609083    
  0.955676794    
  0.955725074    
  0.955926716    
  0.957000494    
  0.957182825    
  0.957272649    
  0.957577109    
  0.957662940    
  0.957930803    
  0.958798587    
  0.959278762    
  0.959495664    
  0.960061848    
  0.960198283    
  0.960262477    
  0.960315228    
  0.960361004    
  0.961025238    
  0.961170495    
  0.961563289    
  0.961687386    
  0.962279618    
  0.962657928    
  0.962662756    
  0.962927163    
  0.962976098    
  0.963551998    
  0.964705050    
  0.965317309    
  0.965334117    
  0.966959536    
  0.967011929    
  0.967537820    
  0.968047321    
  0.969570160    
  0.969852149    
  0.970511734    
  0.971338809    
  0.971404970    
  0.971533716    
  0.971557200    
  0.971737087    
  0.971779525    
  0.972472429    
  0.973013103    
  0.973696113    
  0.973704934    
  0.974115252    
  0.974198639    
  0.974412560    
  0.974527180    
  0.974758804    
  0.975024581    
  0.975369811    
  0.975373209    
  0.975522161    
  0.975538492    
  0.976405799    
  0.977032125    
  0.977104127    
  0.977774382    
  0.978180468    
  0.978221893    
  0.978381813    
  0.978683233    
  0.978902578    
  0.978991449    
  0.979058385    
  0.979143441    
  0.979273319    
  0.979745746    
  0.979887664    
  0.980177522    
  0.980292797    
  0.980836213    
  0.980896711    
  0.981769979    
  0.982237756    
  0.982809842    
  0.983457029    
  0.984665394    
  0.985137105    
  0.985675693    
  0.985830963    
  0.986342788    
  0.986485958    
  0.986541748    
  0.987816930    
  0.987926662    
  0.988193512    
  0.988356948    
  0.988651276    
  0.988684416    
  0.989162266    
  0.989286125    
  0.989300013    
  0.989334702    
  0.989440918    
  0.989813268    
  0.990293086    
  0.990389824    
  0.990880728    
  0.991072714    
  0.991105497    
  0.991582155    
  0.992634594    
  0.992888629    
  0.992951691    
  0.993059516    
  0.993258893    
  0.993635595    
  0.993833601    
  0.994120121    
  0.994158089    
  0.994213879    
  0.994275749    
  0.994725645    
  0.994987547    
  0.995047212    
  0.995234728    
  0.995250106    
  0.995399237    
  0.996922612    
  0.997081399    
  0.997404933    
  0.997955680    
  0.998091936    
  0.998180330    
  0.998625875    
  0.999022067    
  0.999331832    
  0.999583721    
  0.999982774    
