        1000
  0.14456343655697768     
  0.15454175083483879     
  0.16897880985022218     
  0.17656227239663669     
  0.19699390863317512     
  0.20270864722016502     
  0.21358084107060649     
  0.25148015329048046     
  0.25888305337560236     
  0.26118583465203993     
  0.27090318040094274     
  0.27745621235845452     
  0.29123064543139787     
  0.29631325078685200     
  0.29692122477367167     
  0.30342185160211654     
  0.30351960626492025     
  0.30767534924398432     
  0.30874393298935809     
  0.31100104433624842     
  0.31171675398677623     
  0.31513353285312085     
  0.31542493164894492     
  0.31603571857447066     
  0.31604356867749783     
  0.32467748398547647     
  0.32792415434360400     
  0.33118250165124441     
  0.33818299366713223     
  0.34073968395499055     
  0.34108190215113787     
  0.34250879162931613     
  0.34593884778618600     
  0.34783197421904366     
  0.34957604121646779     
  0.35306996100342514     
  0.35419393224133588     
  0.35584157084003487     
  0.35782388090603245     
  0.35937741637652043     
  0.36183944918943756     
  0.36662270504796934     
  0.36765758254860115     
  0.37022492859306477     
  0.37351210882351749     
  0.37523816790580700     
  0.37526234043616125     
  0.37796992136670116     
  0.37994378479284074     
  0.38610524517422362     
  0.38797534192314431     
  0.39330450377905124     
  0.39757973666123236     
  0.40608385024382476     
  0.40690637014290199     
  0.40757448305739030     
  0.41270331587522602     
  0.41410865302575162     
  0.41647919006266676     
  0.41677124224126161     
  0.41901058447047534     
  0.41964507425126962     
  0.42095321167134048     
  0.42363820257148899     
  0.42518527987713539     
  0.42565191140403980     
  0.42875014233533948     
  0.43364723807258654     
  0.43400813758075341     
  0.43778531667793619     
  0.43956202411532685     
  0.44092348699894501     
  0.44116433231201746     
  0.44267772944339878     
  0.44352663741871068     
  0.45216131918669566     
  0.45241871202779949     
  0.45647253848871450     
  0.45723470597277471     
  0.45951544134965006     
  0.46020180995801696     
  0.46045332508974979     
  0.46078905602702813     
  0.46243249536113895     
  0.46289807470942212     
  0.46321260743752424     
  0.46399366748000392     
  0.46410341697679547     
  0.46580571558268413     
  0.46705117489469239     
  0.46856639378921150     
  0.47010112766767631     
  0.47096227256183842     
  0.47304724984346258     
  0.47450334186590193     
  0.47673544283470026     
  0.47746462097711240     
  0.47846726658450489     
  0.47862913808003738     
  0.47875382772873254     
  0.47903710163448965     
  0.47916294516931146     
  0.47937957401708853     
  0.47981160991966443     
  0.48029193911047907     
  0.48069162691116574     
  0.48205865711128448     
  0.48431262649289919     
  0.48438386655944843     
  0.48444686434887096     
  0.48863727234575927     
  0.48882394428729803     
  0.49265745432616248     
  0.49342725228494921     
  0.49449022895711814     
  0.49664766767156099     
  0.49882652384027071     
  0.50675067829894782     
  0.50834388608075110     
  0.50897426556359504     
  0.51049559837793146     
  0.51123490929463444     
  0.51329942785562932     
  0.51356115530214430     
  0.51358646255754625     
  0.51422398348640119     
  0.51583243664187728     
  0.51988820600449781     
  0.52206542205189266     
  0.52534778896570611     
  0.52679734043074222     
  0.52737616202591331     
  0.53138831432558087     
  0.53233630676595733     
  0.53294005444984505     
  0.53324940792844155     
  0.53783679023150344     
  0.53806826971777377     
  0.53935588731334672     
  0.54001035069899428     
  0.54031887502122311     
  0.54065668440525627     
  0.54121699985028682     
  0.54199565964328267     
  0.54253569121794842     
  0.54275169655132649     
  0.54276637195721178     
  0.54280697382412157     
  0.54320559890145692     
  0.54337344843987567     
  0.54434378096478842     
  0.54499536198033072     
  0.54616465678427428     
  0.54635768363917303     
  0.54800163933134116     
  0.55141743690793021     
  0.55398766725467630     
  0.55416166838431302     
  0.55593565800206890     
  0.55608093539619552     
  0.55730708950849384     
  0.55774710792020377     
  0.55804562750700781     
  0.55838206576872218     
  0.55848038566631053     
  0.55920896903573591     
  0.56066799244733567     
  0.56128924259123647     
  0.56196807799733728     
  0.56507694997543001     
  0.56576685235874069     
  0.56748699114472079     
  0.56849854789553345     
  0.56882693000974716     
  0.56951720850321252     
  0.57222413807282890     
  0.57270446669187958     
  0.57532461951705161     
  0.57600097115471716     
  0.57808256287209647     
  0.57824616999036627     
  0.57943068828131039     
  0.57957810048566272     
  0.57970040034197534     
  0.58195972185864064     
  0.58227472261869617     
  0.58423487198599733     
  0.58439273553642779     
  0.58491140963243726     
  0.58601071022198836     
  0.58660833730943818     
  0.58842530463726528     
  0.58949226973188373     
  0.59119555467314544     
  0.59742582892511786     
  0.59877884960504757     
  0.59954123755446043     
  0.60012293979038334     
  0.60275102351165133     
  0.60296560532325105     
  0.60440018811558827     
  0.60728262601889338     
  0.60778146989063264     
  0.60817401834463813     
  0.60884921031789563     
  0.60944975979143401     
  0.61155241253618198     
  0.61336739161196308     
  0.61502051126427182     
  0.61597916040385470     
  0.61606524587000644     
  0.61645623688771256     
  0.61732738176696944     
  0.61746100637803936     
  0.61782157003779514     
  0.61804624501310756     
  0.61829345453502049     
  0.61837342967468145     
  0.61966172846042977     
  0.61997384238180198     
  0.62121356525086013     
  0.62154922280553748     
  0.62219170179101713     
  0.62449526410674738     
  0.62474235279926138     
  0.62483729584109893     
  0.62533282118488820     
  0.62613291280512318     
  0.62633032233816210     
  0.62749055864391878     
  0.62775032910773432     
  0.62853725732554622     
  0.62897007203282573     
  0.62933263301537745     
  0.63171252094794417     
  0.63196513659565379     
  0.63341844166532835     
  0.63357450903668089     
  0.63375099044112293     
  0.63393618992130774     
  0.63412559576910488     
  0.63469062746501526     
  0.63491533467798877     
  0.63574846998943857     
  0.63648206359537307     
  0.63754748396211680     
  0.63855023382443010     
  0.63897169653126373     
  0.63913370327489771     
  0.63918606710672665     
  0.63967105972793792     
  0.64099425267150734     
  0.64157982964063009     
  0.64226561719797071     
  0.64229212493871146     
  0.64258558205741667     
  0.64504420549370811     
  0.64605004382083886     
  0.64862896964952121     
  0.64898562521902337     
  0.64914659802733865     
  0.65055764726771914     
  0.65169810574316900     
  0.65196877812985421     
  0.65220391075109696     
  0.65318651547451001     
  0.65403654924995802     
  0.65495613995867152     
  0.65551600034554236     
  0.66040326292539597     
  0.66087574840107399     
  0.66150299960574765     
  0.66173648528618090     
  0.66197290997048952     
  0.66282777373999768     
  0.66289028968977504     
  0.66400332540591034     
  0.66404509980996773     
  0.66425184510328739     
  0.66445169142260097     
  0.66485963119648483     
  0.66517887378152440     
  0.66635824802509847     
  0.66680416759574090     
  0.66715591745829417     
  0.66820899531719402     
  0.66916871907223952     
  0.67071579560460937     
  0.67099443600077746     
  0.67145478255806279     
  0.67146506409688778     
  0.67258714843360035     
  0.67365707640850259     
  0.67406845680869354     
  0.67442915245290425     
  0.67683354854311062     
  0.67716023086897714     
  0.67720795188154725     
  0.67850261266900891     
  0.67961633541995781     
  0.67983069088097192     
  0.68064686365858940     
  0.68147322695313939     
  0.68175581516154538     
  0.68228106662491306     
  0.68318360226337216     
  0.68323221553350588     
  0.68364047487300816     
  0.68664545511519448     
  0.68759456093252680     
  0.68797749704403199     
  0.68841045898128328     
  0.68875502045656178     
  0.69090247067454480     
  0.69196502478071509     
  0.69265529215183130     
  0.69270361367303390     
  0.69427503790028589     
  0.69446011030569343     
  0.69474059633323115     
  0.69572154188455915     
  0.69576866677546434     
  0.69802757125042525     
  0.69842089551217301     
  0.69936772126302549     
  0.69948647831038901     
  0.70124481507134961     
  0.70136151533633684     
  0.70167743587307507     
  0.70220129930244890     
  0.70301144810938188     
  0.70319770385359603     
  0.70406839418207168     
  0.70409255244767177     
  0.70543131499958278     
  0.70615125824595504     
  0.70685477622426829     
  0.70761794842234915     
  0.70776770283335244     
  0.70789952030565206     
  0.70802934307050491     
  0.70818180829426158     
  0.70842996688582194     
  0.70910344903510103     
  0.70959618499524513     
  0.71064430823102143     
  0.71118036305782339     
  0.71118544239320081     
  0.71152972614318322     
  0.71216893051898644     
  0.71252175926006422     
  0.71318133908950154     
  0.71326439401543629     
  0.71355081032865164     
  0.71420258923319468     
  0.71594792422048936     
  0.71617992258061869     
  0.71649500371677521     
  0.71838314704016126     
  0.72042133232361583     
  0.72168858420091575     
  0.72294370732267743     
  0.72329574809020758     
  0.72348105439196897     
  0.72357564327453827     
  0.72359291839490680     
  0.72385865721540088     
  0.72395880292228521     
  0.72518951964001177     
  0.72550531018773634     
  0.72658939562027258     
  0.72737035841298769     
  0.72764852756192966     
  0.72952441694843251     
  0.73081074131880075     
  0.73233333740581574     
  0.73339401411320204     
  0.73524357168382581     
  0.73618687686320661     
  0.73640679296846256     
  0.73763134755913307     
  0.73777904163359653     
  0.73789079941997682     
  0.73920557811287935     
  0.73924790871437662     
  0.74056170730332727     
  0.74064075581616717     
  0.74249705501291674     
  0.74333317311937663     
  0.74424933409215133     
  0.74458538467691682     
  0.74484980638224374     
  0.74504349313471863     
  0.74735424511510051     
  0.74855122742553326     
  0.74860922890283310     
  0.74974017763328382     
  0.75013249024827677     
  0.75025841903123969     
  0.75074920202034134     
  0.75141053223188181     
  0.75159260662239180     
  0.75254536604718103     
  0.75255806777024059     
  0.75284868516873871     
  0.75330177132151077     
  0.75337358203883753     
  0.75395375256086816     
  0.75400892525330909     
  0.75446152476309802     
  0.75541550619247488     
  0.75573111278046046     
  0.75596864055160018     
  0.75657760455116541     
  0.75732441327843192     
  0.75750167365338616     
  0.75807018814703386     
  0.75842309227049021     
  0.75893464847978409     
  0.75893989130433781     
  0.75945035091862989     
  0.75945410271367708     
  0.75971472287019914     
  0.75988959466974904     
  0.76032811615211149     
  0.76036952067685282     
  0.76095681560320871     
  0.76102019089976325     
  0.76135772244496280     
  0.76136752248280670     
  0.76162758872229519     
  0.76200727389490919     
  0.76269046883574210     
  0.76271901936006770     
  0.76324036159066388     
  0.76410216171834855     
  0.76455337947519719     
  0.76462481937159665     
  0.76600928586256112     
  0.76625009656379217     
  0.76728485323306383     
  0.76891762914858008     
  0.76961997338487120     
  0.77042167084894986     
  0.77047486534880960     
  0.77224794081804382     
  0.77262931662394840     
  0.77267764466376898     
  0.77299486620027158     
  0.77310205905800589     
  0.77321329020332685     
  0.77331808620723153     
  0.77386131575425443     
  0.77389823318318363     
  0.77420337821128271     
  0.77454944209760490     
  0.77477913064047754     
  0.77515978726623569     
  0.77579762748179015     
  0.77671319482480061     
  0.77707291133406697     
  0.77740403112381828     
  0.77792855600318966     
  0.77794666108720112     
  0.77802617380978834     
  0.77869832475466871     
  0.77883973811361984     
  0.77889668352658836     
  0.77921710573794545     
  0.77965924142981291     
  0.78027305730796792     
  0.78031706854707505     
  0.78116150566252518     
  0.78370188716532341     
  0.78370855578761622     
  0.78383755108560815     
  0.78401696260370468     
  0.78435419359475966     
  0.78445098688524750     
  0.78523535679273404     
  0.78603932911336039     
  0.78661561045705997     
  0.78665812751558373     
  0.78681382504263553     
  0.78693825285466279     
  0.78749077521174693     
  0.78876298648726562     
  0.78876719637686277     
  0.78882896673977554     
  0.78894694949364774     
  0.78931922997901272     
  0.79017114982622494     
  0.79062927265894067     
  0.79188848342601870     
  0.79200137493135736     
  0.79267119686741061     
  0.79301421473201628     
  0.79346884469819934     
  0.79348569524758950     
  0.79372913635643549     
  0.79457512020751553     
  0.79489083455792520     
  0.79585728184420979     
  0.79708523297431544     
  0.79737825197594325     
  0.79835469439224627     
  0.79954090870636940     
  0.79974118949578643     
  0.79986410586029388     
  0.80085458167061563     
  0.80120425761611502     
  0.80148195970848646     
  0.80166036140806507     
  0.80181061307348989     
  0.80267432777988845     
  0.80316150455239910     
  0.80348117982670564     
  0.80376800927569869     
  0.80452612959481340     
  0.80461130284624371     
  0.80551577191314050     
  0.80569794206167100     
  0.80705546578847887     
  0.80858791003553154     
  0.80865948036120194     
  0.80987749482651616     
  0.80995009112183614     
  0.81003488957977066     
  0.81100366843705185     
  0.81239557802400830     
  0.81288740103486012     
  0.81421075989166813     
  0.81427494280606760     
  0.81487588907613784     
  0.81498225057480234     
  0.81571616850079220     
  0.81692319367425037     
  0.81695748319390715     
  0.81710222679738442     
  0.81745157155510395     
  0.81752140993872358     
  0.81864323855745380     
  0.81889778778898181     
  0.81899639147288872     
  0.81931812395110948     
  0.81965113604108730     
  0.81999405792027213     
  0.82065077227933458     
  0.82169866663582414     
  0.82172811056399853     
  0.82172915010490777     
  0.82178466160612229     
  0.82209516124023696     
  0.82209643824489431     
  0.82260072187630351     
  0.82338224469637089     
  0.82398646228429462     
  0.82420645749619637     
  0.82524980419336402     
  0.82611051568712113     
  0.82633738109123012     
  0.82640964516141246     
  0.82640980077846582     
  0.82744074299435078     
  0.82772884103880684     
  0.82775171729273955     
  0.82786588452343568     
  0.82854640878966967     
  0.82937847715244262     
  0.82990886029497335     
  0.83089558560205712     
  0.83168821579808605     
  0.83293514653627798     
  0.83336135844134362     
  0.83374131188934009     
  0.83384798459959375     
  0.83419749602538873     
  0.83461573135672973     
  0.83476975306221757     
  0.83495485704935724     
  0.83564691264353441     
  0.83586317667913912     
  0.83645895770795398     
  0.83790545405200800     
  0.83863770796532466     
  0.83908746003553458     
  0.84016543399300914     
  0.84037374329326997     
  0.84060490911510255     
  0.84077707993579121     
  0.84138025465419686     
  0.84233058242911785     
  0.84243002413903978     
  0.84290112904504044     
  0.84385458835931970     
  0.84471219998733127     
  0.84552081918669486     
  0.84564906849192578     
  0.84648230230344002     
  0.84682589198429548     
  0.84760510517393939     
  0.84764190879770229     
  0.84897383705798624     
  0.85016464714373186     
  0.85053808647753826     
  0.85067538013737398     
  0.85111747301456964     
  0.85115890801070426     
  0.85241494365537906     
  0.85249118296310378     
  0.85268947310944121     
  0.85368071126976885     
  0.85428077167240057     
  0.85523539808272331     
  0.85675058421300421     
  0.85684870103189748     
  0.85722250555946877     
  0.85764314372018680     
  0.85768397679280539     
  0.85780186063467212     
  0.85803303377035034     
  0.85806945753733876     
  0.85828058730556234     
  0.85845916703466396     
  0.85871631708541873     
  0.85880001260206718     
  0.85926129304739229     
  0.85926609052459624     
  0.85941552847188207     
  0.85945290152613241     
  0.85978401399322435     
  0.85981804534908945     
  0.85987481486193207     
  0.86072394252998963     
  0.86079379318080784     
  0.86126643565294503     
  0.86141525055428425     
  0.86273579254069654     
  0.86309112439341362     
  0.86361061175503673     
  0.86426496627905747     
  0.86540341772284857     
  0.86578968582407534     
  0.86586540428052872     
  0.86675258085717877     
  0.86694555675663942     
  0.86708211893280240     
  0.86779696237691284     
  0.86840187863997786     
  0.86952916241613920     
  0.87002566926696823     
  0.87005346146844409     
  0.87039092485175162     
  0.87099277558726840     
  0.87108880814563561     
  0.87108916652233959     
  0.87109996620609831     
  0.87173334291455884     
  0.87210121515124606     
  0.87269982090625664     
  0.87353759711395473     
  0.87372406625320187     
  0.87388599596956984     
  0.87394227777469247     
  0.87483106248315357     
  0.87503695175128271     
  0.87515771390283292     
  0.87537342182055411     
  0.87550328182049120     
  0.87664124765907714     
  0.87674718249034067     
  0.87711742380800828     
  0.87725113622631867     
  0.87790231969433086     
  0.87966046180941393     
  0.87980859392871469     
  0.87992167555636314     
  0.88039824955914747     
  0.88061403757183576     
  0.88117289518425124     
  0.88119436825676689     
  0.88138545373800958     
  0.88146930864556905     
  0.88148212143432825     
  0.88215163415289499     
  0.88248299008419695     
  0.88303990225810813     
  0.88319895044159957     
  0.88377334511735717     
  0.88395221177114580     
  0.88421151899975670     
  0.88435283736703285     
  0.88542999988323967     
  0.88561409905113397     
  0.88636820856929244     
  0.88655482869801461     
  0.88693717421176466     
  0.88699638078656595     
  0.88718242948958592     
  0.88751599682560622     
  0.88781042642603747     
  0.88785018717812647     
  0.88787141352740606     
  0.88854469990539997     
  0.88955526185378631     
  0.89102452492677209     
  0.89122914529927744     
  0.89172657356369334     
  0.89253959256526372     
  0.89269098583636552     
  0.89311474158233717     
  0.89315109510806845     
  0.89412611557875632     
  0.89453454627140994     
  0.89500694664300129     
  0.89587711840585005     
  0.89589940601049090     
  0.89607404940158342     
  0.89633490511916758     
  0.89675292085129987     
  0.89769135119206434     
  0.89774412569511841     
  0.89776530034751001     
  0.89782488266775684     
  0.89799003549814560     
  0.89804577531137719     
  0.89828442838251299     
  0.89832023404044981     
  0.89841685973879837     
  0.89876174553549149     
  0.89946475822186067     
  0.90047378183655136     
  0.90092764387649160     
  0.90127816438373320     
  0.90252653139193828     
  0.90276246521900660     
  0.90313901073740310     
  0.90506407257899080     
  0.90549182557227448     
  0.90554900161532315     
  0.90556492442067915     
  0.90672824978384370     
  0.90708895651478583     
  0.90722868706496640     
  0.90739718448784878     
  0.90767998976290631     
  0.90866265478277186     
  0.90896627540469133     
  0.90991634299380464     
  0.91044187983580349     
  0.91065448945299532     
  0.91100179940405168     
  0.91104574148493234     
  0.91125662735451918     
  0.91206177760931118     
  0.91255197909109054     
  0.91308772037871688     
  0.91318891386675294     
  0.91354570564881965     
  0.91358396732591596     
  0.91400491809212747     
  0.91440896794467308     
  0.91454658291082058     
  0.91500525112054920     
  0.91523444453254232     
  0.91560837997719624     
  0.91567855387115316     
  0.91574406624376503     
  0.91627755726904281     
  0.91657603257874642     
  0.91663310780634510     
  0.91710052822012889     
  0.91720081869382664     
  0.91769047828573691     
  0.91770286338426488     
  0.91770649990944120     
  0.91902532940515258     
  0.91917268065329072     
  0.91942957347809406     
  0.91958802299389275     
  0.91986508279173262     
  0.92077016787610411     
  0.92156284861446602     
  0.92172254921437680     
  0.92308531337141897     
  0.92336033976814202     
  0.92378473146259787     
  0.92420816107023840     
  0.92491277797726257     
  0.92505391785847035     
  0.92511676327892056     
  0.92584634284792666     
  0.92660307222858174     
  0.92679060165829341     
  0.92681218870344173     
  0.92683051924294613     
  0.92683156378668496     
  0.92787161921489769     
  0.92799027234890208     
  0.92802013260896188     
  0.92823197542954772     
  0.92846336472890856     
  0.92911458299553207     
  0.92962022939323108     
  0.93056273529465217     
  0.93092765426829283     
  0.93115591251477681     
  0.93164128286872128     
  0.93175527653067070     
  0.93179559754691088     
  0.93213025041349673     
  0.93213091620548383     
  0.93259109871844736     
  0.93268164397707365     
  0.93349853226537005     
  0.93366561860223263     
  0.93387566489638651     
  0.93389448558801802     
  0.93399818581173499     
  0.93431807405028855     
  0.93472249468412427     
  0.93514982813354641     
  0.93543765686516056     
  0.93546011760729919     
  0.93693859688235503     
  0.93758458553947299     
  0.93801019243128481     
  0.93808486440645289     
  0.93817356902009752     
  0.93835412338997959     
  0.93842251984043068     
  0.93866098439917223     
  0.93883736286097996     
  0.93907002522563732     
  0.93933870244812601     
  0.93972723233360345     
  0.93996572816520274     
  0.94070847604440333     
  0.94076616031763727     
  0.94097812280315341     
  0.94118453982852757     
  0.94195663270665597     
  0.94223572819247048     
  0.94253596651185489     
  0.94394870752329696     
  0.94410418311687205     
  0.94496260868443771     
  0.94516106496156649     
  0.94551641861859692     
  0.94553894863871335     
  0.94588627052187313     
  0.94625410856236447     
  0.94646175463674942     
  0.94649743129318864     
  0.94656434061232053     
  0.94666909766080520     
  0.94725582205229664     
  0.94732934143251313     
  0.94743480239681011     
  0.94838038629367194     
  0.94881773055294194     
  0.95012271362239042     
  0.95016431403610491     
  0.95020130240247580     
  0.95031391056497394     
  0.95083779376059296     
  0.95138895843160165     
  0.95243789962055947     
  0.95274164194092237     
  0.95286646031734501     
  0.95322217761856698     
  0.95339785283136491     
  0.95375814446870910     
  0.95448760408604472     
  0.95505634358003166     
  0.95508959127929660     
  0.95542712233819449     
  0.95602358458545744     
  0.95648666862205323     
  0.95661389677241571     
  0.95688173385156328     
  0.95833154033681156     
  0.95856497004156438     
  0.95858572337010384     
  0.95868822485959770     
  0.95911834255914596     
  0.95990378582595670     
  0.96036036426156601     
  0.96043233963876584     
  0.96051485202936193     
  0.96053795792341634     
  0.96150981615833442     
  0.96158937568626113     
  0.96186220895839425     
  0.96258270639429233     
  0.96272172329386752     
  0.96333933693158591     
  0.96382034012267326     
  0.96491104355130797     
  0.96497225357766370     
  0.96539101578924813     
  0.96577618848195579     
  0.96592448067503567     
  0.96659551569928870     
  0.96699957717930762     
  0.96708221946084749     
  0.96756211546736859     
  0.96874204951813281     
  0.96884888565813299     
  0.96886079058910612     
  0.96909318369740416     
  0.96947839641326483     
  0.96976080615020688     
  0.96990560661060687     
  0.97015993423369262     
  0.97016682917494956     
  0.97080709720889835     
  0.97100826227546022     
  0.97119001354183088     
  0.97168754990505601     
  0.97187106864788220     
  0.97211436507707705     
  0.97250585274190726     
  0.97279014166149269     
  0.97335685969137731     
  0.97358557708311366     
  0.97359515067314384     
  0.97369435868802623     
  0.97407041135553774     
  0.97407981271217170     
  0.97445188410103212     
  0.97484062287686502     
  0.97513668462276859     
  0.97516509521642825     
  0.97519636093886453     
  0.97521877558873737     
  0.97534010843216390     
  0.97546293185182920     
  0.97571093111754714     
  0.97576792213730035     
  0.97614614837725966     
  0.97636093071707175     
  0.97657175465662294     
  0.97764250954249909     
  0.97815877817724561     
  0.97827391013625176     
  0.97849483264015424     
  0.97855546457061515     
  0.97875917672241408     
  0.97919725194163831     
  0.97921097114797240     
  0.97934855612948313     
  0.97946411907416686     
  0.98002407471524555     
  0.98049321409001422     
  0.98109688814032969     
  0.98167341852457757     
  0.98236273786476114     
  0.98240580286275836     
  0.98303030575892258     
  0.98315878565261594     
  0.98337520112506682     
  0.98370460144531668     
  0.98373102107276833     
  0.98456801617779932     
  0.98471758908977924     
  0.98531178803825226     
  0.98556749074724914     
  0.98678111233354493     
  0.98752504663106566     
  0.98791627359851442     
  0.98807950553284229     
  0.98909202766737292     
  0.98913289886488709     
  0.98946014767824686     
  0.99110273976940033     
  0.99150925507430598     
  0.99156315064301881     
  0.99186552423151086     
  0.99196593583107162     
  0.99249288198235930     
  0.99272190222511070     
  0.99318445289018742     
  0.99348004270580581     
  0.99360193355969317     
  0.99364313485830469     
  0.99441064070170415     
  0.99493424321309809     
  0.99529754411463389     
  0.99588488517195284     
  0.99745603135077443     
  0.99749520128482838     
  0.99755393559960170     
  0.99776623609042725     
  0.99779321662961218     
  0.99810237176496652     
  0.99901303245181583     
  0.99942127550258730     
  0.99953038102390901     
  0.99996079752486955     
