   0.00000000       1.00000000      0.600000024    
  0.100000001       1.13999999      0.676800013    
  0.200000003       1.29084480      0.783848763    
  0.300000012       1.44783103      0.932439983    
  0.400000006       1.60239565       1.13802350    
  0.500000000       1.74051833       1.42037129    
  0.600000024       1.84140372       1.80142963    
  0.699999988       1.87796855       2.29789233    
  0.800000012       1.82202530       2.90546679    
  0.900000036       1.65704691       3.57781911    
   1.00000000       1.39559484       4.21867466    
   1.10000002       1.08595777       4.71306753    
   1.20000005      0.791330099       4.98767900    
   1.30000007      0.554906070       5.04244995    
   1.39999998      0.386078656       4.92756128    
   1.50000000      0.273051769       4.70390081    
   1.60000002      0.199221283       4.42093420    
   1.70000005      0.150991127       4.11234522    
   1.80000007      0.119096592       3.79906392    
   1.89999998       9.76703539E-02   3.49336863    
   2.00000000       8.30845684E-02   3.20208073    
   2.10000014       7.30971321E-02   2.92868519    
   2.20000005       6.63087070E-02   2.67465615    
   2.29999995       6.18351474E-02   2.44026804    
   2.40000010       5.91127425E-02   2.22509146    
   2.50000000       5.77821657E-02   2.02829647    
   2.60000014       5.76186627E-02   1.84884036    
   2.70000005       5.84896244E-02   1.68558395    
   2.79999995       6.03286326E-02   1.53736329    
   2.90000010       6.31196573E-02   1.40303457    
   3.00000000       6.68876842E-02   1.28150022    
   3.10000014       7.16935620E-02   1.17172527    
   3.20000005       7.76317567E-02   1.07274532    
   3.29999995       8.48301947E-02  0.983671010    
   3.40000010       9.34517309E-02  0.903689086    
   3.50000000      0.103696942      0.832062125    
   3.60000014      0.115808100      0.768127799    
   3.70000005      0.130074173      0.711297750    
   3.79999995      0.146836862      0.661056936    
   3.90000010      0.166497484      0.616964102    
   4.00000000      0.189524680      0.578653693    
   4.09999990      0.216462702      0.545839727    
   4.20000029      0.247939855      0.518322825    
   4.30000019      0.284676552      0.496001422    
   4.40000010      0.327491879      0.478888571    
   4.50000000      0.377307057      0.467137337    
   4.59999990      0.435143054      0.461077929    
   4.70000029      0.502108157      0.461272329    
   4.80000019      0.579368949      0.468594462    
   4.90000010      0.668093801      0.484348029    
   5.00000000      0.769353569      0.510440230    
   5.09999990      0.883953393      0.549637258    
   5.20000029       1.01215863      0.605937541    
   5.30000019       1.15325987      0.685104489    
   5.40000010       1.30490148      0.795392811    
   5.50000000       1.46209085      0.948440850    
   5.59999990       1.61583829       1.16010213    
   5.70000029       1.75155222       1.45048785    
   5.80000019       1.84780216       1.84148204    
   5.90000010       1.87709320       2.34866047    
   6.00000000       1.81164634       2.96478271    
   6.09999990       1.63686180       3.63889241    
   6.20000029       1.36859775       4.27103901    
   6.30000019       1.05778384       4.74750233    
   6.40000010      0.767157495       5.00116825    
   6.50000000      0.536920607       5.03809738    
   6.59999990      0.373798907       4.91093493    
   6.70000029      0.264988482       4.68010950    
   6.80000019      0.193968654       4.39365768    
   6.90000010      0.147539198       4.08393908    
   7.00000000      0.116792932       3.77094030    
   7.09999990       9.61095989E-02   3.46633101    
   7.20000029       8.20167512E-02   3.17655730    
   7.30000019       7.23670125E-02   2.90487719    
   7.40000010       6.58186898E-02   2.65262842    
   7.50000000       6.15231767E-02   2.42000532    
   7.59999990       5.89391701E-02   2.20653152    
   7.70000029       5.77218905E-02   2.01135135    
   7.80000019       5.76563701E-02   1.83340967    
   7.90000010       5.86168692E-02   1.67156243    
   8.00000000       6.05420657E-02   1.52464616    
   8.10000038       6.34199530E-02   1.39152014    
   8.19999981       6.72789291E-02   1.27109218    
   8.30000019       7.21829459E-02   1.16233325    
   8.40000057       7.82294720E-02   1.06428564    
   8.50000000       8.55495185E-02  0.976066887    
   8.60000038       9.43092182E-02  0.896870613    
   8.69999981      0.104712747      0.825966299    
   8.80000019      0.117006376      0.762698352    
   8.90000057      0.131483600      0.706484973    
   9.00000000      0.148491204      0.656817853    
   9.10000038      0.168436274      0.613262475    
   9.19999981      0.191793963      0.575460255    
   9.30000019      0.219115779      0.543132722    
   9.40000057      0.251038045      0.516088843    
   9.50000000      0.288289845      0.494236588    
   9.60000038      0.331699491      0.477600545    
   9.69999981      0.382197410      0.466348022    
   9.80000019      0.440813184      0.460827678    
   9.90000057      0.508661926      0.461625993    
   10.0000000      0.586913168      0.469650269    
   10.1000004      0.676731408      0.486250669    
   10.1999998      0.779171586      0.513400137    
   10.3000002      0.895003200      0.553959072    
   10.4000006       1.02442431      0.612061024    
   10.5000000       1.16660821      0.693661988    
   10.6000004       1.31900668      0.807284772    
   10.6999998       1.47632658      0.964919508    
   10.8000002       1.62913823       1.18282497    
   10.9000006       1.76226735       1.48143327    
   11.0000000       1.85365272       1.88250256    
   11.1000004       1.87543261       2.40035367    
   11.1999998       1.80034900       3.02461338    
   11.3000002       1.61588287       3.69963622    
   11.4000006       1.34124160       4.32209396    
   11.5000000       1.02979267       4.78005648    
   11.6000004      0.743504465       5.01284933    
   11.6999998      0.519497752       5.03239727    
   11.8000002      0.361965388       4.89346838    
   11.9000006      0.257231832       4.65587282    
   12.0000000      0.188914329       4.36619759    
   12.1000004      0.144213468       4.05551052    
   12.1999998      0.114570238       3.74288774    
   12.3000002       9.46019292E-02   3.43941593    
   12.4000006       8.09847787E-02   3.15118241    
   12.5000000       7.16619492E-02   2.88122821    
   12.6000004       6.53468966E-02   2.63076115    
   12.6999998       6.12250678E-02   2.39989877    
   12.8000002       5.87766841E-02   2.18812060    
   12.9000006       5.76709732E-02   1.99454677    
   13.0000000       5.77024221E-02   1.81811011    
   13.1000004       5.87519705E-02   1.65766263    
   13.1999998       6.07632697E-02   1.51204133    
   13.3000002       6.37282655E-02   1.38010919    
   13.4000006       6.76787198E-02   1.26077902    
   13.5000000       7.26816729E-02   1.15302825    
   13.6000004       7.88376033E-02   1.05590582    
   13.6999998       8.62806141E-02  0.968536079    
   13.8000002       9.51801464E-02  0.890119553    
   13.9000006      0.105744004      0.819932580    
   14.0000000      0.118222512      0.757326245    
   14.1000004      0.132913709      0.701725423    
   14.1999998      0.150169551      0.652628422    
   14.3000002      0.170402974      0.609607518    
   14.4000006      0.194095671      0.572311223    
   14.5000000      0.221806496      0.540468574    
   14.6000004      0.254179865      0.513896942    
   14.6999998      0.291953623      0.492514074    
   14.8000002      0.335965216      0.476356179    
   14.9000006      0.387154341      0.465605229    
   15.0000000      0.446559101      0.460628748    
   15.1000004      0.515301108      0.462038368    
   15.1999998      0.594552457      0.470775723    
   15.3000002      0.685472846      0.488238961    
   15.4000006      0.789099932      0.516468942    
   15.5000000      0.906165361      0.558423281    
   15.6000004       1.03679609      0.618375182    
   15.6999998       1.18004239      0.702479422    
   15.8000002       1.33315527      0.819534302    
   15.9000006       1.49052966      0.981888890    
   16.0000000       1.64228213       1.20620775    
   16.1000004       1.77264524       1.51322269    
   16.2000008       1.85893357       1.92449653    
   16.3000011       1.87296915       2.45295143    
   16.3999996       1.78813279       3.08489680    
   16.5000000       1.59413886       3.75995779    
   16.6000004       1.31357718       4.37176085    
   16.7000008       1.00202811       4.81070995    
   16.8000011      0.720387101       5.02275372    
   16.8999996      0.502631843       5.02539730    
   17.0000000      0.350565732       4.87520409    
   17.1000004      0.249770924       4.63122034    
   17.2000008      0.184050679       4.33857441    
   17.3000011      0.141009063       4.02707243    
   17.3999996      0.112425506       3.71491432    
   17.5000000       9.31454971E-02   3.41262841    
   17.6000004       7.99874961E-02   3.12595916    
   17.7000008       7.09812343E-02   2.85774016    
   17.8000011       6.48928881E-02   2.60905552    
   17.8999996       6.09405488E-02   2.37994933    
   18.0000000       5.86251169E-02   2.16985941    
   18.1000004       5.76293133E-02   1.97788298    
   18.2000008       5.77567704E-02   1.80294192    
   18.3000011       5.88949136E-02   1.64388454    
   18.3999996       6.09922521E-02   1.49954891    
   18.5000000       6.40446171E-02   1.36880159    
   18.6000004       6.80871010E-02   1.25056100    
   18.7000008       7.31898099E-02   1.14381051    
   18.8000011       7.94562474E-02   1.04760599    
   18.8999996       8.70236158E-02  0.961078703    
   19.0000000       9.60646868E-02  0.883435965    
   19.1000004      0.106790923      0.813960969    
   19.2000008      0.119456746      0.752011478    
   19.3000011      0.134364814      0.697019100    
   19.3999996      0.151872292      0.648488760    
   19.5000000      0.172398001      0.605999529    
   19.6000004      0.196430296      0.569206893    
   19.7000008      0.224535406      0.537847638    
   19.8000011      0.257365912      0.511747599    
   19.8999996      0.295668453      0.490834355    
   20.0000000      0.340289712      0.475156099    
   20.1000004      0.392178595      0.464909703    
   20.2000008      0.452381551      0.460482061    
   20.3000011      0.522026479      0.462510616    
   20.3999996      0.602287471      0.471972436    
   20.5000000      0.694318652      0.490315050    
   20.6000004      0.799138904      0.519649506    
   20.7000008      0.917439461      0.563033938    
   20.8000011       1.04927242      0.624885738    
   20.8999996       1.19355941      0.711564779    
   21.0000000       1.34734178      0.832152486    
   21.1000004       1.50469077      0.999363661    
   21.2000008       1.65525556       1.23026776    
   21.3000011       1.78266597       1.54587233    
   21.3999996       1.86362171       1.96746933    
   21.5000000       1.86968422       2.50643158    
   21.6000004       1.77499747       3.14557028    
   21.7000008       1.57165909       3.81976604    
   21.8000011       1.28565395       4.41996908    
   21.8999996      0.974529624       4.83945036    
   22.0000000      0.697816730       5.03091526    
   22.1000004      0.486314386       5.01714516    
   22.2000008      0.339586258       4.85618114    
   22.3000011      0.242594272       4.60617924    
   22.3999996      0.179369852       4.31080341    
   22.5000000      0.137921005       3.99863315    
   22.6000004      0.110355660       3.68702412    
   22.7000008       9.17383954E-02   3.38597012    
   22.8000011       7.90237263E-02   3.10088754    
   22.8999996       7.03241006E-02   2.83441210    
   23.0000000       6.44561723E-02   2.58750987    
   23.1000004       6.06693104E-02   2.36015534    
   23.2000008       5.84842712E-02   2.15174627    
   23.3000011       5.75967953E-02   1.96135843    
   23.3999996       5.78193590E-02   1.78790355    
   23.5000000       5.90456873E-02   1.63022685    
   23.6000004       6.12290390E-02   1.48716760    
   23.7000008       6.43690601E-02   1.35759640    
   23.8000011       6.85041547E-02   1.24043691    
   23.8999996       7.37074763E-02   1.13467908    
   24.0000000       8.00855383E-02   1.03938544    
   24.1000004       8.77786726E-02  0.953694046    
   24.2000008       9.69630033E-02  0.876819253    
   24.3000011      0.107853703      0.808050990    
   24.3999996      0.120709315      0.746753752    
   24.5000000      0.135837168      0.692365766    
   24.6000004      0.153599694      0.644398630    
   24.7000008      0.174421683      0.602438211    
   24.8000011      0.198798195      0.566147089    
   24.8999996      0.227302924      0.535269737    
   25.0000000      0.260596663      0.509640694    
   25.1000004      0.299434930      0.489197463    
   25.2000008      0.344673634      0.474000394    
   25.3000011      0.397270828      0.464261651    
   25.3999996      0.458281219      0.460387975    
   25.5000000      0.528838754      0.463043392    
   25.6000004      0.610118985      0.473241359    
   25.7000008      0.703269422      0.492480457    
   25.8000011      0.809288681      0.522944212    
   25.8999996      0.928825140      0.567794561    
   26.0000000       1.06185198      0.631597877    
   26.1000004       1.20715606      0.720925510    
   26.2000008       1.36156034      0.845149696    
   26.3000011       1.51880014       1.01735735    
   26.3999996       1.66804397       1.25502098    
   26.5000000       1.79230976       1.57939613    
   26.6000004       1.86769497       2.01142263    
   26.7000008       1.86556160       2.56076694    
   26.8000011       1.76094711       3.20656538    
   26.8999996       1.54847729       3.87896776    
   27.0000000       1.25752342       4.46664953    
   27.1000004      0.947336435       4.86626863    
   27.2000008      0.675804377       5.03737068    
   27.3000011      0.470537543       5.00768805    
   27.3999996      0.329014540       4.83643961    
   27.5000000      0.235691547       4.58077717    
   27.6000004      0.174864814       4.28290272    
   27.7000008      0.134944886       3.97020364    
   27.8000011      0.108357996       3.65922403    
   27.8999996       9.03789774E-02   3.35944510    
   28.0000000       7.80924559E-02   3.07597017    
   28.1000004       6.96899369E-02   2.81124592    
   28.2000008       6.40363693E-02   2.56612563    
   28.3000011       6.04111068E-02   2.34051752    
   28.3999996       5.83540015E-02   2.13378143    
   28.5000000       5.75733334E-02   1.94497311    
   28.6000004       5.78901432E-02   1.77299476    
   28.7000008       5.92042804E-02   1.61668909    
   28.8000011       6.14736453E-02   1.47489691    
   28.8999996       6.47016466E-02   1.34649289    
   29.0000000       6.89299479E-02   1.23040628    
   29.1000004       7.42347538E-02   1.12563348    
   29.2000008       8.07255954E-02   1.03124356    
   29.3000011       8.85459408E-02  0.946381688    
   29.3999996       9.78753045E-02  0.870269001    
   29.5000000      0.108932585      0.802202225    
   29.6000004      0.121980503      0.741552591    
   29.7000008      0.137331113      0.687765002    
   29.8000011      0.155352175      0.640357673    
   29.8999996      0.176474512      0.598923266    
   30.0000000      0.201199949      0.563131630    
   30.1000004      0.230109736      0.532734871    
   30.2000008      0.263872921      0.507576227    
   30.3000011      0.303253949      0.487603515    
   30.3999996      0.349117965      0.472889394    
   30.5000000      0.402432144      0.463661641    
   30.6000004      0.464259326      0.460347325    
   30.7000008      0.535739124      0.463637799    
   30.8000011      0.618048072      0.474584103    
   30.8999996      0.712326109      0.494737417    
   31.0000000      0.819549918      0.526356101    
   31.1000004      0.940322399      0.572709382    
   31.2000008       1.07453370      0.638517559    
   31.3000011       1.22082961      0.730570018    
   31.3999996       1.37580538      0.858537436    
   31.5000000       1.53284836       1.03588521    
   31.6000004       1.68063259       1.28048515    
   31.7000008       1.80155659       1.61380994    
   31.8000011       1.87113094       2.05635881    
   31.8999996       1.86058545       2.61592913    
   32.0000000       1.74598658       3.26781178    
   32.1000023       1.52462840       3.93747044    
   32.2000008       1.22923613       4.51173973    
   32.2999992      0.920484006       4.89116240    
   32.4000015      0.654357135       5.04215956    
   32.5000000      0.455291241       4.99707365    
   32.6000023      0.318837106       4.81601667    
   32.7000008      0.229052037       4.55503845    
   32.7999992      0.170528367       4.25488710    
   32.9000015      0.132076144       3.94179225    
   33.0000000      0.106429704       3.63151789    
   33.1000023       8.90655071E-02   3.33305478    
   33.2000008       7.71925896E-02   3.05120683    
   33.2999992       6.90780506E-02   2.78824043    
   33.4000015       6.36330396E-02   2.54490113    
   33.5000000       6.01656660E-02   2.32103419    
   33.6000023       5.82341403E-02   2.11596346    
   33.7000008       5.75588383E-02   1.92872560    
   33.7999992       5.79690859E-02   1.75821435    
   33.9000015       5.93706965E-02   1.60327017    
   34.0000000       6.17261082E-02   1.46273589    
   34.1000023       6.50424287E-02   1.33549023    
   34.2000008       6.93645626E-02   1.22046828    
   34.2999992       7.47717470E-02   1.11667275    
   34.4000015       8.13765377E-02   1.02317965    
   34.5000000       8.93255621E-02  0.939140916    
   34.6000023       9.88017470E-02  0.863784552    
   34.7000008      0.110027753      0.796414137    
   34.7999992      0.123270534      0.736407578    
   34.9000015      0.138846904      0.683216393    
   35.0000000      0.157130033      0.636365533    
   35.1000023      0.178556830      0.595454454    
   35.2000008      0.203635946      0.560160220    
   35.2999992      0.232956260      0.530242741    
   35.4000015      0.267195165      0.505554140    
   35.5000000      0.307126045      0.486052483    
   35.6000023      0.353623331      0.471823126    
   35.7000008      0.407663226      0.463109791    
   35.7999992      0.470316589      0.460360467    
   35.9000015      0.542728364      0.464294553    
   36.0000000      0.626075447      0.476001769    
   36.1000023      0.721489251      0.497087628    
   36.2000008      0.829922736      0.529887736    
   36.2999992      0.951930702      0.577782273    
   36.4000015       1.08731604      0.645650446    
   36.5000000       1.23457658      0.740506411    
   36.6000023       1.39007068      0.872327030    
   36.7000008       1.54682517       1.05496180    
   36.7999992       1.69300604       1.30667698    
   36.9000015       1.81038606       1.64912724    
   37.0000000       1.87390757       2.10227704    
   37.1000023       1.85474181       2.67188549    
   37.2000008       1.73012435       3.32923579    
   37.2999992       1.50014997       3.99518275    
   37.4000015       1.20084262       4.55518150    
   37.5000000      0.894005537       4.91413498    
   37.6000023      0.633480251       5.04532290    
   37.7000008      0.440565050       4.98534918    
   37.7999992      0.309040993       4.79494953    
   37.9000015      0.222665593       4.52898884    
   38.0000000      0.166353703       4.22677279    
   38.1000023      0.129310519       3.91340876    
   38.2000008      0.104568131       3.60391140    
   38.2999992       8.77963305E-02   3.30680227    
   38.4000015       7.63230845E-02   3.02659917    
   38.5000000       6.84877634E-02   2.76539636    
   38.6000023       6.32457361E-02   2.52383661    
   38.7000008       5.99326938E-02   2.30170512    
   38.7999992       5.81244938E-02   2.09829164    
   38.9000015       5.75531796E-02   1.91261518    
   39.0000000       5.80561087E-02   1.74356151    
   39.1000023       5.95448911E-02   1.58996940    
   39.2000008       6.19864129E-02   1.45068371    
   39.2999992       6.53914288E-02   1.32458782    
   39.4000015       6.98080435E-02   1.21062243    
   39.5000000       7.53185302E-02   1.10779667    
   39.6000023       8.20384771E-02   1.01519334    
   39.7000008       9.01176780E-02  0.931971371    
   39.7999992       9.97425020E-02  0.857365668    
   39.9000015      0.111139424      0.790686548    
   40.0000000      0.124579661      0.731318593    
   40.1000023      0.140384853      0.678719938    
   40.2000008      0.158933625      0.632422209    
   40.2999992      0.180669039      0.592031837    
   40.4000015      0.206106663      0.557232976    
   40.5000000      0.235843047      0.527793586    
   40.6000023      0.270564020      0.503574610    
   40.7000008      0.311051905      0.484544724    
   40.7999992      0.358190417      0.470802099    
   40.9000015      0.412964821      0.462606817    
   41.0000000      0.476453751      0.460428298    
   41.1000023      0.549807191      0.465014815    
   41.2000008      0.634201765      0.477495968    
   41.2999992      0.730759263      0.499533296    
   41.4000015      0.840407252      0.533542275    
   41.5000000      0.963649392      0.583017588    
   41.6000023       1.10019684      0.653002679    
   41.7000008       1.24839306      0.750743210    
   41.7999992       1.40434945      0.886530042    
   41.9000015       1.56071949       1.07460201    
   42.0000000       1.70514822       1.33361292    
   42.1000023       1.81877708       1.68536055    
   42.2000008       1.87600303       2.14917278    
   42.2999992       1.84801817       2.72859764    
   42.4000015       1.71337199       3.39075851    
   42.5000000       1.47508335       4.05201292    
   42.6000023       1.17239428       4.59692287    
   42.7000008      0.867932498       4.93519449    
   42.7999992      0.613177419       5.04690504    
   42.9000015      0.426348090       4.97256231    
   43.0000000      0.299613446       4.77327538    
   43.1000023      0.216522381       4.50265217    
   43.2000008      0.162334353       4.19857407    
   43.2999992      0.126643941       3.88506150    
   43.4000015      0.102770776       3.57640958    
   43.5000000       8.65698904E-02   3.28069043    
   43.6000023       7.54829645E-02   3.00214863    
   43.7000008       6.79184496E-02   2.74271393    
   43.7999992       6.28740489E-02   2.50293159    
   43.9000015       5.97119145E-02   2.28252935    
   44.0000000       5.80248758E-02   2.08076501    
   44.1000023       5.75562380E-02   1.89664066    
   44.2000008       5.81511371E-02   1.72903490    
   44.2999992       5.97268306E-02   1.57678533    
   44.4000015       6.22545592E-02   1.43873918    
   44.5000000       6.57486618E-02   1.31378436    
   44.6000023       7.02604353E-02   1.20086730    
   44.7000008       7.58751780E-02   1.09900379    
   44.7999992       8.27115029E-02   1.00728345    
   44.9000015       9.09224078E-02  0.924872041    
   45.0000000      0.100697726      0.851011336    
   45.1000023      0.112267777      0.785018444    
   45.2000008      0.125908107      0.726284623    
   45.2999992      0.141945213      0.674274683    
   45.4000015      0.160763249      0.628526926    
   45.5000000      0.182811499      0.588654637    
   45.6000023      0.208612517      0.554349303    
   45.7000008      0.238770604      0.525386810    
   45.7999992      0.273980021      0.501637220    
   45.9000015      0.315032154      0.483079880    
   46.0000000      0.362820029      0.469826102    
   46.1000023      0.418337792      0.462152690    
   46.2000008      0.482671767      0.460551023    
   46.2999992      0.556976616      0.465799153    
   46.4000015      0.642428041      0.479067713    
   46.5000000      0.740136981      0.502076089    
   46.6000023      0.851003885      0.537322223    
   46.7000008      0.975478351      0.588419259    
   46.7999992       1.11317503      0.660580039    
   46.9000015       1.26227593      0.761288881    
   47.0000000       1.41863549      0.901158273    
   47.1000023       1.57452106       1.09482098    
   47.2000008       1.71704340       1.36130989    
   47.2999992       1.82670927       1.72252238    
   47.4000015       1.87739635       2.19704151    
   47.5000000       1.84040380       2.78602600    
   47.6000023       1.69574332       3.45230031    
   47.7000008       1.44947052       4.10787201    
   47.7999992       1.14394069       4.63691711    
   47.9000015      0.842293024       4.95435381    
   48.0000000      0.593449891       5.04695034    
   48.1000023      0.412628651       4.95875835    
   48.2000008      0.290541828       4.75102806    
   48.2999992      0.210612953       4.47605085    
   48.4000015      0.158464119       4.17030430    
   48.5000000      0.124072582       3.85675788    
   48.6000023      0.101035304       3.54901576    
   48.7000008       8.53847787E-02   3.25472069    
   48.7999992       7.46713728E-02   2.97785544    
   48.9000015       6.73695952E-02   2.72019339    
   49.0000000       6.25176802E-02   2.48218608    
   49.1000023       5.95031641E-02   2.26350713    
   49.2000008       5.79352155E-02   2.06338382    
   49.2999992       5.75679988E-02   1.88080239    
   49.4000015       5.82541972E-02   1.71463513    
   49.5000000       5.99165671E-02   1.56371868    
   49.6000023       6.25306144E-02   1.42690289    
   49.7000008       6.61142245E-02   1.30308032    
   49.7999992       7.07218572E-02   1.19120359    
   49.9000015       7.64418170E-02   1.09029484    
   50.0000000       8.33957717E-02  0.999450564    
   50.1000023       9.17399302E-02  0.917843401    
   50.2000008      0.101667628      0.844722033    
   50.2999992      0.113413066      0.779410362    
   50.4000015      0.127256140      0.721306264    
   50.5000000      0.143528298      0.669881225    
   50.6000023      0.162619263      0.624680221    
   50.7000008      0.184984609      0.585323453    
   50.7999992      0.211153954      0.551509798    
   50.9000015      0.241739392      0.523023129    
   51.0000000      0.277443737      0.499742717    
   51.1000023      0.319067448      0.481658757    
   51.2000008      0.367512763      0.468896031    
   51.2999992      0.423782796      0.461748451    
   51.4000015      0.488971263      0.460729957    
   51.5000000      0.564237118      0.466649145    
   51.6000023      0.650754452      0.480719030    
   51.7000008      0.749622345      0.504718661    
   51.7999992      0.861711979      0.541231215    
   51.9000015      0.987415850      0.593992114    
   52.0000000       1.12624729      0.668389320    
   52.1000023       1.27621961      0.772152722    
   52.2000008       1.43291986      0.916224062    
   52.2999992       1.58821630       1.11563408    
   52.4000015       1.72867274       1.38978398    
   52.5000000       1.83415914       1.76062262    
   52.6000023       1.87806475       2.24587297    
   52.7000008       1.83188820       2.84412336    
   52.7999992       1.67725420       3.51377463    
   52.9000015       1.42335570       4.16266727    
   53.0000000       1.11553121       4.67511749    
   53.1000023      0.817113519       4.97162628    
   53.2000008      0.574297905       5.04550266    
   53.2999992      0.399395317       4.94398260    
   53.4000015      0.281814009       4.72824097    
   53.5000000      0.204928368       4.44920683    
   53.6000023      0.154737175       4.14197779    
   53.7000008      0.121592812       3.82850695    
   53.7999992       9.93594825E-02   3.52173591    
   53.9000015       8.42395946E-02   3.22889614    
   54.0000000       7.38874227E-02   2.95372152    
   54.1000023       6.68406188E-02   2.69783497    
   54.2000008       6.21762462E-02   2.46159983    
   54.2999992       5.93061931E-02   2.24463749    
   54.4000015       5.78553416E-02   2.04614663    
   54.5000000       5.75883575E-02   1.86509883    
   54.6000023       5.83652295E-02   1.70036030    
   54.7000008       6.01140819E-02   1.55076742    
   54.7999992       6.28146008E-02   1.41517282    
   54.9000015       6.64881691E-02   1.29247403    
   55.0000000       7.11923838E-02   1.18162954    
   55.1000023       7.70185590E-02   1.08166802    
   55.2000008       8.40914175E-02  0.991693020    
   55.2999992       9.25704166E-02  0.910884023    
   55.4000015      0.102652408      0.838496506    
   55.5000000      0.114575520      0.773861110    
   55.6000023      0.128624067      0.716382444    
   55.7000008      0.145134479      0.665538549    
   55.7999992      0.164502114      0.620881200    
   55.9000015      0.187188908      0.582037508    
   56.0000000      0.213731587      0.548713744    
   56.1000023      0.244750157      0.520701945    
   56.2000008      0.280956000      0.497890621    
   56.2999992      0.323158652      0.480281085    
   56.4000015      0.372269690      0.468011796    
   56.5000000      0.429300964      0.461394191    
   56.6000023      0.495353460      0.460965425    
   56.7000008      0.571590066      0.467565536    
   56.7999992      0.659182489      0.482451200    
   56.9000015      0.759216666      0.507463098    
   57.0000000      0.872532547      0.545272410    
   57.1000023      0.999462247      0.599740982    
   57.2000008       1.13941288      0.676437378    
   57.2999992       1.29022133      0.783344448    
   57.4000015       1.44719684      0.931740761    
   57.5000000       1.60179496       1.13705826    
   57.6000023       1.74002051       1.41905332    
   57.7000008       1.84110641       1.79967368    
   57.7999992       1.87798858       2.29565954    
   57.9000015       1.82246399       2.90284491    
   58.0000000       1.65792370       3.57509947    
   58.1000023       1.39678419       4.21631813    
   58.2000008       1.08721232       4.71149302    
   58.2999992      0.792415500       4.98703575    
   58.4000015      0.555718184       5.04260921    
   58.5000000      0.386634827       4.92827797    
   58.6000023      0.273417413       4.70494556    
   58.7000008      0.199459493       4.42214012    
   58.7999992      0.151147604       4.11360550    
   58.9000015      0.119200960       3.80031419    
   59.0000000       9.77410376E-02   3.49457216    
   59.1000023       8.31329376E-02   3.20321774    
   59.2000008       7.31302351E-02   2.92974639    
   59.2999992       6.63309768E-02   2.67563844    
   59.4000015       6.18494004E-02   2.44117188    
   59.5000000       5.91207780E-02   2.22591949    
   59.6000023       5.77851236E-02   2.02905250    
   59.7000008       5.76172434E-02   1.84952891    
   59.7999992       5.84842153E-02   1.68620968    
   59.9000015       6.03193939E-02   1.53793097    
   60.0000000       6.31065667E-02   1.40354860    
   60.1000023       6.68705702E-02   1.28196502    
   60.2000008       7.16721117E-02   1.17214477    
   60.2999992       7.76055232E-02   1.07312322    
   60.4000015       8.47985968E-02  0.984010756    
   60.5000000       9.34140459E-02  0.903993785    
   60.6000023      0.103652284      0.832334638    
   60.7000008      0.115755402      0.768370628    
   60.7999992      0.130012184      0.711513042    
   60.9000015      0.146764085      0.661246657    
   61.0000000      0.166412175      0.617129922    
   61.1000023      0.189424813      0.578796864    
   61.2000008      0.216345921      0.545961261    
   61.2999992      0.247803450      0.518423378    
   61.4000015      0.284517437      0.496081144    
   61.5000000      0.327306539      0.478947163    
   61.6000023      0.377091587      0.467173845    
   61.7000008      0.434893161      0.461090595    
   61.7999992      0.501819253      0.461258352    
   61.9000015      0.579036295      0.468549579    
   62.0000000      0.667712808      0.484265924    
   62.1000023      0.768920302      0.510311723    
   62.2000008      0.883465469      0.549449086    
   62.2999992       1.01161659      0.605670512    
   62.4000015       1.15266931      0.684731007    
   62.5000000       1.30427635      0.794873595    
   62.6000023       1.46145809      0.947721124    
   62.7000008       1.61524427       1.15910923    
   62.7999992       1.75106871       1.44913435    
   62.9000015       1.84752905       1.83968449    
   63.0000000       1.87714779       2.34638786    
   63.1000023       1.81212568       2.96213913    
   63.2000008       1.63777399       3.63618803    
   63.2999992       1.36980343       4.26874161    
   63.4000015       1.05903041       4.74601269    
   63.5000000      0.768219352       5.00060701    
   63.6000023      0.537706912       5.03831863    
   63.7000008      0.374334395       4.91168976    
   63.7999992      0.265339822       4.68117428    
   63.9000015      0.194197595       4.39487123    
   64.0000000      0.147689775       4.08519983    
   64.0999985      0.116893508       3.77218652    
   64.2000046       9.61778015E-02   3.46752787    
   64.3000031       8.20634440E-02   3.17768645    
   64.4000015       7.23989457E-02   2.90593004    
   64.5000000       6.58401102E-02   2.65360236    
   64.5999985       6.15367852E-02   2.42090106    
   64.7000046       5.89466952E-02   2.20735168    
   64.8000031       5.77244237E-02   2.01210022    
   64.9000015       5.76545745E-02   1.83409154    
   65.0000000       5.86111136E-02   1.67218208    
   65.0999985       6.05324917E-02   1.52520812    
   65.2000046       6.34065270E-02   1.39202893    
   65.3000031       6.72614574E-02   1.27155197    
   65.4000015       7.21611083E-02   1.16274810    
   65.5000000       7.82028139E-02   1.06465936    
   65.5999985       8.55174437E-02  0.976402819    
   65.7000046       9.42709818E-02  0.897171855    
   65.8000031      0.104667455      0.826235592    
   65.9000015      0.116952948      0.762938142    
   66.0000000      0.131420746      0.706697524    
   66.0999985      0.148417428      0.657005012    
   66.2000046      0.168349817      0.613425851    
   66.3000031      0.191692770      0.575601101    
   66.4000015      0.218997464      0.543252051    
   66.5000000      0.250899881      0.516187191    
   66.5999985      0.288128734      0.494314134    
   66.7000046      0.331511855      0.477656931    
   66.8000031      0.381979346      0.466382265    
   66.9000015      0.440560371      0.460837960    
   67.0000000      0.508369744      0.461609364    
   67.0999985      0.586576879      0.469602317    
   67.2000046      0.676346481      0.486164868    
   67.3000031      0.778734207      0.513267040    
   67.4000015      0.894511163      0.553764939    
   67.5000000       1.02387846      0.611786067    
   67.5999985       1.16601467      0.693277776    
   67.7000046       1.31838036      0.806750774    
   67.8000031       1.47569597      0.964179456    
   67.9000015       1.62855160       1.18180466    
   68.0000000       1.76179898       1.48004460    
   68.0999985       1.85340464       1.88066447    
   68.2000046       1.87552238       2.39804363    
   68.3000031       1.80086839       3.02195144    
   68.4000015       1.61682844       3.69695187    
   68.5000000       1.34246039       4.31985903    
   68.5999985       1.03102851       4.77865267    
   68.7000046      0.744541526       5.01236868    
   68.8000031      0.520258188       5.03267717    
   68.9000015      0.362480640       4.89425898    
   69.0000000      0.257569373       4.65695524    
   69.0999985      0.189134344       4.36741781    
   69.2000046      0.144358337       4.05677080    
   69.3000031      0.114667132       3.74412942    
   69.4000015       9.46677029E-02   3.44060612    
   69.5000000       8.10298175E-02   3.15230393    
   69.5999985       7.16927201E-02   2.88227296    
   69.7000046       6.53674677E-02   2.63172698    
   69.8000031       6.12380281E-02   2.40078664    
   69.9000015       5.87836877E-02   2.18893337    
   70.0000000       5.76730669E-02   1.99528849    
   70.0999985       5.77002391E-02   1.81878543    
   70.2000046       5.87458499E-02   1.65827608    
   70.3000031       6.07533343E-02   1.51259768    
   70.4000015       6.37144670E-02   1.38061273    
   70.5000000       6.76608607E-02   1.26123416    
   70.5999985       7.26594180E-02   1.15343881    
   70.7000046       7.88104832E-02   1.05627549    
   70.8000031       8.62480253E-02  0.968868256    
   70.9000015       9.51413363E-02  0.890417337    
   71.0000000      0.105698057      0.820198655    
   71.0999985      0.118168324      0.757563114    
   71.2000046      0.132849991      0.701935232    
   71.3000031      0.150094777      0.652813077    
   71.4000015      0.170315355      0.609768569    
   71.5000000      0.193993136      0.572449923    
   71.5999985      0.221686631      0.540585816    
   71.7000046      0.254039884      0.513993323    
   71.8000031      0.291790366      0.492589653    
   71.9000015      0.335775137      0.476410568    
   72.0000000      0.386933476      0.465637356    
   72.0999985      0.446303099      0.460636705    
   72.2000046      0.515005350      0.462019116    
   72.3000031      0.594212174      0.470724672    
   72.4000015      0.685083568      0.488149345    
   72.5000000      0.788657963      0.516330957    
   72.5999985      0.905668676      0.558222830    
   72.7000046       1.03624594      0.618091762    
   72.8000031       1.17944562      0.702083707    
   72.9000015       1.33252776      0.818984568    
   73.0000000       1.48990130      0.981127381    
   73.0999985       1.64170325       1.20515859    
   73.2000046       1.77219260       1.51179743    
   73.3000031       1.85871148       1.92261672    
   73.4000015       1.87309480       2.45060372    
   73.5000000       1.78869247       3.08221865    
   73.5999985       1.59511685       3.75729656    
   73.7000046       1.31480753       4.36959124    
   73.8000031       1.00325191       4.80939245    
   73.9000015      0.721399069       5.02235126    
   74.0000000      0.503366947       5.02573347    
   74.0999985      0.351061523       4.87602854    
   74.2000046      0.250095218       4.63231993    
   74.3000031      0.184262156       4.33980036    
   74.4000015      0.141148493       4.02833176    
   74.5000000      0.112518892       3.71615124    
   74.5999985       9.32089463E-02   3.41381192    
   74.7000046       8.00309554E-02   3.12707281    
   74.8000031       7.10108876E-02   2.85877681    
   74.9000015       6.49126396E-02   2.61001325    
   75.0000000       6.09528832E-02   2.38082957    
   75.0999985       5.86316176E-02   2.17066503    
   75.2000046       5.76309822E-02   1.97861803    
   75.3000031       5.77542074E-02   1.80361092    
   75.4000015       5.88884354E-02   1.64449215    
   75.5000000       6.09819666E-02   1.50009978    
   75.5999985       6.40304536E-02   1.36930025    
   75.7000046       6.80688545E-02   1.25101161    
   75.8000031       7.31671304E-02   1.14421701    
   75.9000015       7.94286504E-02   1.04797208    
   76.0000000       8.69904757E-02  0.961407602    
   76.0999985       9.60252434E-02  0.883730710    
   76.2000046      0.106744245      0.814224243    
   76.3000031      0.119401716      0.752245784    
   76.4000015      0.134300113      0.697226524    
   76.5000000      0.151796371      0.648671150    
   76.5999985      0.172309056      0.606158435    
   76.7000046      0.196326211      0.569343567    
   76.8000031      0.224413753      0.537962914    
   76.9000015      0.257223874      0.511842012    
   77.0000000      0.295502841      0.490907967    
   77.0999985      0.340096951      0.475208431    
   77.2000046      0.391954660      0.464939624    
   77.3000031      0.452122062      0.460487545    
   77.4000015      0.521726847      0.462488532    
   77.5000000      0.601942956      0.471918017    
   77.5999985      0.693924785      0.490221322    
   77.7000046      0.798692048      0.519506335    
   77.8000031      0.916937888      0.562826693    
   77.9000015       1.04871774      0.624593258    
   78.0000000       1.19295907      0.711156785    
   78.0999985       1.34671283      0.831585884    
   78.2000046       1.50406468      0.998579085    
   78.3000031       1.65468490       1.22918797    
   78.4000015       1.78223002       1.54440832    
   78.5000000       1.86342692       1.96554589    
   78.5999985       1.86984718       2.50404549    
   78.7000046       1.77559841       3.14287686    
   78.8000031       1.57266939       3.81713057    
   78.9000015       1.28689480       4.41786671    
   79.0000000      0.975740790       4.83821869    
   79.0999985      0.698804259       5.03059053    
   79.2000046      0.487025321       5.01753664    
   79.3000031      0.340063632       4.85703945    
   79.4000015      0.242906094       4.60729647    
   79.5000000      0.179573268       4.31203651    
   79.5999985      0.138055265       3.99989271    
   79.7000046      0.110445693       3.68825769    
   79.8000031       9.17996168E-02   3.38714814    
   79.9000015       7.90656507E-02   3.10199475    
   80.0000000       7.03526586E-02   2.83544207    
   80.0999985       6.44751042E-02   2.58846092    
   80.2000046       6.06809966E-02   2.36102891    
   80.3000031       5.84902391E-02   2.15254545    
   80.4000015       5.75979985E-02   1.96208739    
   80.5000000       5.78163676E-02   1.78856683    
   80.5999985       5.90387993E-02   1.63082910    
   80.7000046       6.12183399E-02   1.48771358    
   80.8000031       6.43544719E-02   1.35809040    
   80.9000015       6.84854463E-02   1.24088323    
   81.0000000       7.36842901E-02   1.13508165    
   81.0999985       8.00573826E-02   1.03974783    
   81.2000046       8.77449065E-02  0.954019547    
   81.3000031       9.69228521E-02  0.877110839    
   81.4000015      0.107806213      0.808311343    
   81.5000000      0.120653354      0.746985316    
   81.5999985      0.135771394      0.692570627    
   81.7000046      0.153522551      0.644578576    
   81.8000031      0.174331322      0.602594793    
   81.9000015      0.198692471      0.566281497    
   82.0000000      0.227179378      0.535382867    
   82.0999985      0.260452449      0.509732962    
   82.2000046      0.299266815      0.489268899    
   82.3000031      0.344477981      0.474050492    
   82.4000015      0.397043586      0.464289188    
   82.5000000      0.458018005      0.460390836    
   82.5999985      0.528534889      0.463018268    
   82.7000046      0.609769762      0.473183334    
   82.8000031      0.702870429      0.492382318    
   82.9000015      0.808836401      0.522795439    
   83.0000000      0.928318083      0.567579985    
   83.0999985       1.06129217      0.631295621    
   83.2000046       1.20655167      0.720504224    
   83.3000031       1.36092949      0.844564915    
   83.4000015       1.51817608       1.01654804    
   83.5000000       1.66748142       1.25390828    
   83.5999985       1.79189086       1.57789087    
   83.7000046       1.86752820       2.00945282    
   83.8000031       1.86576283       2.55834007    
   83.9000015       1.76158977       3.20385528    
   84.0000000       1.54951990       3.87635732    
   84.0999985       1.25877464       4.46461391    
   84.2000046      0.948535323       4.86512136    
   84.3000031      0.676768422       5.03712130    
   84.4000015      0.471225619       5.00813341    
   84.5000000      0.329474658       4.83733082    
   84.5999985      0.235991806       4.58191204    
   84.7000046      0.175060794       4.28414345    
   84.8000031      0.135074392       3.97146463    
   84.9000015      0.108444951       3.66045523    
   85.0000000       9.04381499E-02   3.36061859    
   85.0999985       7.81329647E-02   3.07707167    
   85.2000046       6.97174817E-02   2.81226969    
   85.3000031       6.40545413E-02   2.56707048    
   85.4000015       6.04221970E-02   2.34138513    
   85.5000000       5.83594739E-02   2.13457489    
   85.5999985       5.75741008E-02   1.94569659    
   85.7000046       5.78867495E-02   1.77365291    
   85.8000031       5.91969974E-02   1.61728656    
   85.9000015       6.14625476E-02   1.47543836    
   86.0000000       6.46866411E-02   1.34698272    
   86.0999985       6.89107925E-02   1.23084879    
   86.2000046       7.42110759E-02   1.12603247    
   86.3000031       8.06968808E-02   1.03160274    
   86.4000015       8.85115415E-02  0.946704209    
   86.5000000       9.78344232E-02  0.870557845    
   86.5999985      0.108884253      0.802460074    
   86.7000046      0.121923573      0.741781831    
   86.8000031      0.137264222      0.687967658    
   86.9000015      0.155273736      0.640535533    
   87.0000000      0.176382646      0.599077821    
   87.0999985      0.201092482      0.563264072    
   87.2000046      0.229984164      0.532846034    
   87.3000031      0.263726383      0.507666528    
   87.4000015      0.303083152      0.487672925    
   87.5000000      0.348919243      0.472937316    
   87.5999985      0.402201384      0.463686794    
   87.7000046      0.463992119      0.460347533    
   87.8000031      0.535430789      0.463609636    
   87.9000015      0.617693841      0.474522442    
   88.0000000      0.711921632      0.494634748    
   88.0999985      0.819091856      0.526201546    
   88.2000046      0.939809501      0.572487235    
   88.3000031       1.07396853      0.638205171    
   88.4000015       1.22022104      0.730134904    
   88.5000000       1.37517262      0.857933760    
   88.5999985       1.53222644       1.03505015    
   88.7000046       1.68007863       1.27933824    
   88.8000031       1.80115545       1.61226177    
   88.9000015       1.87099314       2.05434179    
   89.0000000       1.86082578       2.61346197    
   89.0999985       1.74667120       3.26508760    
   89.2000046       1.52570200       3.93488908    
   89.3000031       1.23049557       4.50977278    
   89.4000015      0.921669126       4.89009905    
   89.5000000      0.655297637       5.04198313    
   89.5999985      0.455957174       4.99757051    
   89.7000046      0.319280803       4.81693935    
   89.8000031      0.229341328       4.55619001    
   89.9000015      0.170717329       4.25613499    
   90.0000000      0.132201195       3.94305468    
   90.0999985      0.106513783       3.63274717    
   90.2000046       8.91227722E-02   3.33422446    
   90.3000031       7.72317946E-02   3.05230355    
   90.4000015       6.91046640E-02   2.78925896    
   90.5000000       6.36505187E-02   2.54584074    
   90.5999985       6.01762161E-02   2.32189655    
   90.7000046       5.82391657E-02   2.11675191    
   90.8000031       5.75592108E-02   1.92944443    
   90.9000015       5.79653233E-02   1.75886822    
   91.0000000       5.93630522E-02   1.60386372    
   91.0999985       6.17146380E-02   1.46327376    
   91.2000046       6.50270283E-02   1.33597684    
   91.3000031       6.93449751E-02   1.22090781    
   91.4000015       7.47475848E-02   1.11706901    
   91.5000000       8.13472793E-02   1.02353621    
   91.5999985       8.92905444E-02  0.939460993    
   91.7000046       9.87601578E-02  0.864071131    
   91.8000031      0.109978609      0.796669900    
   91.9000015      0.123212665      0.736634851    
   92.0000000      0.138778925      0.683417261    
   92.0999985      0.157050312      0.636541724    
   92.2000046      0.178463459      0.595607460    
   92.3000031      0.203526735      0.560291111    
   92.4000015      0.232828662      0.530352354    
   92.5000000      0.267046273      0.505642831    
   92.5999985      0.306952536      0.486120224    
   92.7000046      0.353421450      0.471869260    
   92.8000031      0.407428861      0.463132977    
   92.9000015      0.470045269      0.460358381    
   93.0000000      0.542415380      0.464263648    
   93.0999985      0.625716090      0.475936741    
   93.2000046      0.721079171      0.496980667    
   93.3000031      0.829458773      0.529727578    
   93.4000015      0.951411784      0.577552617    
   93.5000000       1.08674514      0.645327866    
   93.5999985       1.23396349      0.740057290    
   93.7000046       1.38943577      0.871703982    
   93.8000031       1.54620528       1.05410028    
   93.9000015       1.69246078       1.30549490    
   94.0000000       1.81000304       1.64753544    
   94.0999985       1.87379920       2.10021210    
   94.2000046       1.85502148       2.66937876    
   94.3000031       1.73085022       3.32649994    
   94.4000015       1.50125289       3.99263334    
   94.5000000       1.20210826       4.55328560    
   94.5999985      0.895175695       4.91315508    
   94.7000046      0.634397149       5.04521799    
   94.8000031      0.441209376       4.98589563    
   94.9000015      0.309468865       4.79590178    
   95.0000000      0.222944409       4.53015566    
   95.0999985      0.166536003       4.22802687    
   95.2000046      0.129431337       3.91467190    
   95.3000031      0.104649484       3.60513830    
   95.4000015       8.78517926E-02   3.30796814    
   95.5000000       7.63610601E-02   3.02769136    
   95.5999985       6.85134977E-02   2.76640987    
   95.7000046       6.32625520E-02   2.52477098    
   95.8000031       5.99427149E-02   2.30256224    
   95.9000015       5.81290759E-02   2.09907508    
   96.0000000       5.75531609E-02   1.91332924    
   96.0999985       5.80519773E-02   1.74421084    
   96.2000046       5.95368855E-02   1.59055877    
   96.3000031       6.19745702E-02   1.45121777    
   96.4000015       6.53756261E-02   1.32507086    
   96.5000000       6.97880164E-02   1.21105862    
   96.5999985       7.52938837E-02   1.10818982    
   96.7000046       8.20086673E-02   1.01554704    
   96.8000031       9.00820345E-02  0.932288826    
   96.9000015       9.97001976E-02  0.857649803    
   97.0000000      0.111089453      0.790939987    
   97.0999985      0.124520838      0.731543660    
   97.2000046      0.140315756      0.678918719    
   97.3000031      0.158852607      0.632596433    
   97.4000015      0.180574164      0.592182875    
   97.5000000      0.205995709      0.557362020    
   97.5999985      0.235713437      0.527901351    
   97.7000046      0.270412773      0.503661454    
   97.8000031      0.310875684      0.484610528    
   97.9000015      0.357985467      0.470846176    
   98.0000000      0.412726939      0.462627739    
   98.0999985      0.476178437      0.460423648    
   98.2000046      0.549489737      0.464980900    
   98.3000031      0.633837461      0.477427274    
   98.4000015      0.730343819      0.499421775    
   98.5000000      0.839937627      0.533376217    
   98.5999985      0.963124871      0.582780182    
   98.7000046       1.09962082      0.652669609    
   98.8000031       1.24777603      0.750279725    
   98.9000015       1.40371311      0.885887265    
   99.0000000       1.56010258       1.07371354    
   99.0999985       1.70461273       1.33239532    
   99.2000046       1.81841350       1.68372488    
   99.3000031       1.87592542       2.14706087    
   99.4000015       1.84833789       2.72605371    
   99.5000000       1.71413863       3.38801527    
   99.5999985       1.47621357       4.04950047    
   99.7000046       1.17366350       4.59510040    
   99.8000031      0.869086027       4.93429804    
   99.9000015      0.614070296       5.04686928    
   100.000000      0.426971078       4.97315598    
