   4.3
   6.4
   7.1
   6.2
   4.4
   4.7
   4.5
   4.5
   5.0
   5.3
   4.4
   3.8
   5.0
   3.2
   1.7
   0.3
   0.4
   1.1
   2.5
   3.5
   3.7
   5.9
   6.5
   5.4
   2.8
   1.1
   0.6
   0.8
   0.1
  -0.9
  -3.2
  -2.2
  -3.9
  -6.0
  -5.4
  -6.2
  -6.2
  -3.3
  -1.9
  -2.7
  -4.9
  -5.6
  -4.6
  -2.3
  -1.1
   0.5
   3.5
   3.2
   3.3
   4.7
   3.4
   3.6
   4.7
   5.5
   7.0
   7.4
   6.6
   4.6
   3.9
   7.7
   9.0
   9.3
   8.6
   7.6
   7.3
   6.6
   4.5
   5.7
   7.2
   6.6
   7.9
   7.8
   8.3
   8.1
   8.7
   9.4
   9.9
  10.1
  10.6
  10.2
  11.4
  11.6
  11.3
  11.5
  13.0
  12.6
  11.5
  12.8
  12.7
  12.6
  12.1
   9.1
   9.2
  10.7
  12.7
  12.6
  12.2
  11.5
   6.2
   5.2
   7.5
   9.1
   9.4
  10.5
  11.5
  10.6
  11.2
  10.6
   9.9
  10.5
  10.4
  11.2
  11.0
  10.4
  10.9
  11.8
  13.0
  13.7
  17.8
  16.7
  17.7
  17.7
  16.6
  15.6
  15.4
  15.1
  14.2
  14.2
  15.6
  16.8
  18.5
  19.4
  20.1
  11.2
  12.0
  13.0
   8.8
  11.8
  12.3
  14.4
  15.4
  14.2
  13.6
  16.2
  19.9
  18.6
  16.8
  17.1
  16.6
  17.6
  19.2
  19.1
  18.8
  18.9
  20.0
  18.0
  17.8
  18.2
  19.3
  20.8
  20.1
  19.7
  17.8
  17.2
  16.7
  18.2
  19.7
  21.1
  22.7
  24.0
  24.3
  25.1
  25.4
  24.2
  23.5
  23.7
  22.3
  21.6
  21.9
  22.9
  24.3
  25.3
  25.7
  26.6
  25.3
  25.4
  24.8
  22.9
  23.6
  24.6
  25.0
  24.8
  24.2
  21.7
  21.3
  22.8
  18.9
  20.5
  20.7
  22.6
  23.6
  24.7
  19.7
  18.8
  20.5
  22.7
  20.9
  22.0
  23.9
  24.8
  24.2
  24.2
  23.8
  24.3
  24.3
  24.8
  25.3
  25.6
  25.9
  25.3
  25.0
  24.0
  23.2
  21.4
  19.9
  21.9
  22.4
  22.9
  23.4
  24.6
  24.9
  25.3
  25.6
  25.3
  25.6
  26.1
  26.3
  26.3
  20.6
  19.1
  20.3
  22.0
  23.2
  20.0
  17.4
  20.3
  22.6
  22.6
  22.1
  21.5
  19.6
  20.1
  21.1
  21.5
  21.2
  18.9
  12.4
  16.1
  17.4
  17.2
  17.6
  18.2
  16.6
  14.0
  13.8
  15.7
  17.3
  18.4
  18.5
  19.4
  20.2
  17.9
  19.0
  18.5
  18.2
  17.6
  17.2
  17.0
  17.4
  17.2
  17.2
  14.4
  14.4
  14.0
  13.7
  13.9
  13.6
  13.9
  15.9
  13.5
  14.1
  14.5
  13.6
  13.2
  13.8
  15.5
  14.1
  12.9
  12.9
  13.9
  14.6
   6.0
   4.7
   5.4
   9.0
   9.2
  12.1
  12.2
  14.5
  14.5
   9.7
   9.1
   8.8
   9.2
  10.7
  14.9
  14.6
  12.6
  10.0
   7.9
   8.2
   8.1
   8.5
  10.9
  10.2
  10.5
  10.7
  10.8
   9.9
  10.0
  11.6
  12.9
  13.3
   9.7
   5.9
   5.0
   4.0
   3.9
   4.1
   4.2
   3.5
   1.4
   0.4
  -2.0
   0.2
   0.1
  -2.5
  -0.4
   3.9
   7.9
   6.9
   6.7
   5.4
   4.4
   3.4
   3.2
   3.4
   4.5
   6.4
   8.0
   8.7
   6.0
   6.5
   3.9
   3.0
   3.7
