   7.9
   4.6
  -0.2
   0.7
   1.7
   1.8
   4.2
   2.9
   4.0
   4.6
   3.5
   3.2
   2.5
   1.8
   2.2
   1.9
   1.6
   2.9
   2.8
   2.2
   1.8
   0.5
  -0.6
  -1.4
  -1.6
  -1.8
  -2.5
  -1.5
   0.3
   2.4
   0.8
  -1.2
  -0.1
   2.5
   4.5
   5.9
   4.0
   2.7
  -0.3
   1.0
   1.1
   1.6
   2.2
   2.6
   2.3
   2.0
   4.0
   6.0
   7.1
   8.0
   5.1
   3.4
   5.7
   6.5
   7.2
   6.3
   7.6
   7.1
   9.2
   7.8
   7.0
   6.0
   4.4
   3.2
   1.2
   1.4
  -0.1
   0.6
  -0.0
   2.0
   3.7
   4.1
   4.6
   5.4
   6.1
   6.5
   7.4
   8.4
   9.2
  10.0
  10.0
  10.8
  11.5
  11.6
  11.4
  10.1
  10.0
  11.2
  11.7
   9.0
   9.0
   7.6
   8.3
  10.7
   9.2
   9.2
  10.0
  11.4
  13.2
  11.6
   8.6
   8.0
   7.8
   8.8
  10.5
  11.9
  13.4
  10.5
  12.2
  13.8
  14.0
  11.8
  12.8
  13.5
  16.2
  17.5
  16.8
  16.4
  15.4
  16.3
  16.6
  15.1
  14.9
  14.7
  15.2
  13.0
  12.4
  12.0
  14.2
  14.4
  14.8
  15.5
  14.1
  14.6
  12.5
  13.3
  14.4
  15.0
  14.7
  14.9
  15.4
  17.2
  17.5
  18.4
  19.4
  19.1
  18.9
  18.0
  18.2
  16.7
  15.5
  16.2
  16.0
  16.4
  17.0
  19.8
  20.4
  20.8
  21.3
  22.0
  22.4
  23.5
  23.4
  23.1
  21.2
  21.1
  20.4
  20.7
  18.9
  17.3
  15.9
  16.6
  18.7
  19.3
  19.0
  19.7
  20.3
  21.8
  22.5
  23.4
  23.6
  24.1
  24.2
  24.8
  24.6
  24.5
  22.8
  21.7
  20.8
  23.1
  24.4
  24.3
  24.6
  24.4
  25.5
  26.3
  27.6
  27.5
  23.6
  23.2
  23.5
  23.8
  24.3
  24.8
  20.2
  20.4
  19.7
  19.4
  20.3
  18.7
  17.5
  20.2
  21.3
  22.2
  22.0
  21.3
  19.6
  18.5
  19.6
  20.8
  21.8
  22.7
  23.0
  22.7
  19.9
  20.9
  21.3
  19.7
  19.7
  20.3
  21.3
  22.8
  24.0
  23.7
  22.9
  23.1
  21.9
  22.4
  23.4
  20.6
  18.0
  14.3
  15.3
  16.6
  17.1
  17.7
  18.2
  17.4
  14.5
  15.7
  18.3
  18.1
  18.2
  18.5
  17.9
  18.0
  18.7
  18.4
  18.9
  18.4
  13.7
  14.5
  14.7
  15.6
  16.8
  16.9
  17.1
  16.3
  15.2
  14.2
  14.2
  14.7
  14.4
  14.7
  14.7
  15.2
  16.8
  17.7
  16.2
  14.4
  13.0
  11.2
  10.6
  11.3
  11.9
  12.6
  13.3
  11.8
  11.2
   9.0
  10.5
  11.3
   9.8
   9.2
   9.1
  11.0
  12.1
  10.8
   7.5
   7.3
   7.3
   9.8
  11.5
  13.4
  14.7
  13.7
  13.5
  12.3
  11.5
  11.3
  12.7
  11.2
   9.3
   9.3
   9.3
  10.3
  11.4
  12.3
  12.6
  12.8
  11.1
  10.1
   9.5
   8.8
   9.3
   9.8
   8.6
   6.5
   5.0
   3.1
   3.7
   3.5
   4.5
   4.4
   2.9
   5.4
   3.5
   2.3
   1.4
   6.3
   8.5
  10.1
   7.2
   3.2
   3.6
   4.4
   2.5
   0.1
   0.2
  -1.4
  -1.9
  -2.4
  -1.1
   3.2
   5.5
   8.9
  10.7
   9.1
   6.9
   2.1
   0.4
   0.7
   1.9
   1.9
   2.0
