   2.7
   3.2
   1.7
   0.1
   0.1
   1.7
   5.0
   7.7
   7.7
   8.3
   7.8
   7.2
   5.6
   6.2
   6.2
   6.0
   5.4
   4.2
   4.3
   4.1
   2.6
   1.2
   0.7
   1.4
   1.3
   2.7
   4.2
   1.8
   0.9
   1.8
   1.5
   2.0
   2.4
   3.0
   5.0
   5.9
   5.6
   6.1
   5.4
   6.4
   6.0
   5.8
   7.0
   6.0
   6.0
   5.5
   6.2
   5.3
   6.7
   6.2
   5.0
   2.8
   0.8
   0.7
   0.3
   1.9
   2.3
   3.2
   3.2
   2.5
   1.8
   1.6
   3.3
   4.5
   4.6
   3.6
   1.7
   2.3
   4.1
   5.9
   7.5
   9.6
  10.0
  10.2
   9.2
   9.8
   9.4
   8.6
   7.9
   6.9
   8.0
   9.4
  10.0
  10.5
  10.4
  10.6
   9.7
  10.9
  10.2
  11.8
  13.5
  13.8
  13.6
  14.0
  12.6
  12.2
  14.7
  16.3
  18.3
  14.2
  13.7
  13.1
   9.1
   9.3
  10.1
  10.6
  11.5
  12.2
  12.9
  13.2
  13.8
  13.9
  14.1
  14.1
  14.8
  15.3
  14.4
  14.0
  13.5
  13.6
  13.9
  14.3
  14.8
  12.2
  12.4
  13.0
  14.5
  14.7
  15.1
  17.1
  17.7
  18.2
  19.0
  18.2
  12.3
  13.2
  15.5
  17.4
  17.4
  17.9
  18.7
  19.3
  20.7
  22.0
  22.1
  20.9
  20.5
  14.9
  17.2
  19.0
  19.4
  19.3
  20.5
  20.5
  20.9
  19.8
  18.9
  18.6
  18.0
  17.5
  18.7
  19.6
  19.8
  19.6
  19.9
  20.9
  21.6
  21.5
  22.0
  16.9
  18.6
  20.8
  22.7
  22.6
  19.0
  19.7
  20.5
  21.5
  22.5
  22.7
  20.8
  19.3
  17.8
  18.4
  20.8
  20.3
  21.1
  22.9
  24.0
  24.6
  24.8
  24.9
  24.8
  25.9
  25.9
  22.1
  21.9
  22.2
  22.7
  21.6
  17.9
  20.4
  19.9
  19.0
  15.6
  17.3
  18.5
  19.4
  19.2
  20.0
  19.8
  20.6
  21.4
  21.9
  22.6
  22.8
  22.7
  22.6
  23.4
  23.1
  19.1
  19.2
  18.6
  20.2
  21.8
  22.9
  22.7
  23.3
  23.6
  23.9
  24.4
  25.6
  25.7
  25.6
  26.1
  25.8
  25.7
  25.7
  25.0
  21.1
  21.1
  22.3
  22.1
  22.1
  21.9
  23.3
  23.1
  20.3
  20.7
  19.7
  20.4
  21.7
  22.1
  22.5
  22.3
  22.6
  22.7
  22.0
  21.5
  21.8
  20.7
  16.0
  16.7
  19.2
  19.1
  19.4
  18.8
  19.0
  19.4
  20.0
  20.0
  19.4
  19.6
  19.3
  19.1
  18.7
  18.6
  18.9
  18.6
  12.0
  10.0
  10.9
  10.6
  13.7
  15.5
  14.1
  10.8
   8.9
   8.3
   8.0
   9.4
  12.8
   8.8
   8.0
   7.8
   8.3
   9.5
  12.0
  13.4
  12.9
  11.7
  12.0
  11.8
  10.5
  10.1
   9.8
  10.5
  13.6
  14.6
  13.3
  12.5
  12.5
  11.8
  10.9
   8.2
   6.4
   6.5
   6.5
   6.0
   5.7
   5.2
   4.9
   4.7
   4.4
   4.2
   6.3
   4.1
   4.5
   4.6
   5.5
   6.0
   7.2
   6.2
   6.6
   5.5
   8.2
  10.5
  10.2
  10.3
   6.3
   5.6
   6.9
   8.6
   9.1
   8.6
   8.8
   8.3
   9.1
   8.7
   9.1
   5.4
   3.2
   3.8
   1.8
   1.7
   3.2
   3.5
   3.9
   4.8
   4.6
   5.3
   4.5
   5.1
   3.7
   3.1
