  -1.7480089272860404        1.6614838041008055E-003
  -1.7444534331665147        1.7199459551977504E-003
  -1.7408979390469888        1.7778650253195221E-003
  -1.7373424449274630        1.8350886277909233E-003
  -1.7337869508079371        1.8914675035665305E-003
  -1.7302314566884114        1.9468569143951189E-003
  -1.7266759625688854        2.0011181047554071E-003
  -1.7231204684493597        2.0541198284481392E-003
  -1.7195649743298338        2.1057399343879153E-003
  -1.7160094802103081        2.1558670046107177E-003
  -1.7124539860907824        2.2044020358171976E-003
  -1.7088984919712564        2.2512601539294197E-003
  -1.7053429978517307        2.2963723491823038E-003
  -1.7017875037322048        2.3396872172376871E-003
  -1.6982320096126791        2.3811726897432581E-003
  -1.6946765154931531        2.4208177357112814E-003
  -1.6911210213736274        2.4586340131159527E-003
  -1.6875655272541017        2.4946574482625811E-003
  -1.6840100331345758        2.5289497188240762E-003
  -1.6804545390150500        2.5615996150313669E-003
  -1.6768990448955241        2.5927242524013926E-003
  -1.6733435507759984        2.6224701086453401E-003
  -1.6697880566564725        2.6510138570714674E-003
  -1.6662325625369467        2.6785629689264350E-003
  -1.6626770684174208        2.7053560577451302E-003
  -1.6591215742978951        2.7316629399309058E-003
  -1.6555660801783694        2.7577843874875304E-003
  -1.6520105860588434        2.7840515510808624E-003
  -1.6484550919393177        2.8108250344233104E-003
  -1.6448995978197918        2.8384936043358796E-003
  -1.6413441037002661        2.8674725247295370E-003
  -1.6377886095807401        2.8982015071260464E-003
  -1.6342331154612144        2.9311422751640377E-003
  -1.6306776213416887        2.9667757457544561E-003
  -1.6271221272221628        3.0055988350946475E-003
  -1.6235666331026370        3.0481209035491401E-003
  -1.6200111389831111        3.0948598593737342E-003
  -1.6164556448635854        3.1463379473083484E-003
  -1.6129001507440595        3.2030772540962895E-003
  -1.6093446566245337        3.2655949689018087E-003
  -1.6057891625050078        3.3343984422888324E-003
  -1.6022336683854821        3.4099800927844988E-003
  -1.5986781742659564        3.4928122149738244E-003
  -1.5951226801464304        3.5833417474504183E-003
  -1.5915671860269047        3.6819850626798262E-003
  -1.5880116919073788        3.7891228438186480E-003
  -1.5844561977878531        3.9050951156838379E-003
  -1.5809007036683271        4.0301964983021242E-003
  -1.5773452095488014        4.1646717517180229E-003
  -1.5737897154292755        4.3087116799466196E-003
  -1.5702342213097498        4.4624494600819884E-003
  -1.5666787271902241        4.6259574595919764E-003
  -1.5631232330706981        4.7992446007407655E-003
  -1.5595677389511724        4.9822543258988133E-003
  -1.5560122448316465        5.1748632112646898E-003
  -1.5524567507121207        5.3768802692935784E-003
  -1.5489012565925948        5.5880469719877500E-003
  -1.5453457624730691        5.8080380182582323E-003
  -1.5417902683535432        6.0364628589414729E-003
  -1.5382347742340174        6.2728679828931164E-003
  -1.5346792801144917        6.5167399570491514E-003
  -1.5311237859949658        6.7675092026150364E-003
  -1.5275682918754401        7.0245544788088690E-003
  -1.5240127977559141        7.2872080350375856E-003
  -1.5204573036363884        7.5547613822249619E-003
  -1.5169018095168625        7.8264716244358899E-003
  -1.5133463153973368        8.1015682831401137E-003
  -1.5097908212778108        8.3792605386151034E-003
  -1.5062353271582851        8.6587448062613176E-003
  -1.5026798330387594        8.9392125601416173E-003
  -1.4991243389192335        9.2198583119761004E-003
  -1.4955688447997078        9.4998876512193721E-003
  -1.4920133506801818        9.7785252507771384E-003
  -1.4884578565606561        1.0055022743412368E-002
  -1.4849023624411304        1.0328666375944160E-002
  -1.4813468683216044        1.0598784351911583E-002
  -1.4777913742020785        1.0864753778390362E-002
  -1.4742358800825528        1.1126007139006418E-002
  -1.4706803859630271        1.1382038222750589E-002
  -1.4671248918435011        1.1632407446810033E-002
  -1.4635693977239754        1.1876746521104688E-002
  -1.4600139036044495        1.2114762412363563E-002
  -1.4564584094849238        1.2346240576178552E-002
  -1.4529029153653981        1.2571047436324223E-002
  -1.4493474212458721        1.2789132101513842E-002
  -1.4457919271263464        1.3000527320464687E-002
  -1.4422364330068205        1.3205349686471794E-002
  -1.4386809388872948        1.3403799112454160E-002
  -1.4351254447677688        1.3596157606476722E-002
  -1.4315699506482431        1.3782787385922602E-002
  -1.4280144565287172        1.3964128375678189E-002
  -1.4244589624091915        1.4140695141805121E-002
  -1.4209034682896657        1.4313073317152663E-002
  -1.4173479741701398        1.4481915579167139E-002
  -1.4137924800506141        1.4647937242784593E-002
  -1.4102369859310881        1.4811911532757282E-002
  -1.4066814918115624        1.4974664600108776E-002
  -1.4031259976920365        1.5137070346694188E-002
  -1.3995705035725108        1.5300045120135155E-002
  -1.3960150094529848        1.5464542338799512E-002
  -1.3924595153334591        1.5631547103092284E-002
  -1.3889040212139334        1.5802070845233156E-002
  -1.3853485270944075        1.5977146065016885E-002
  -1.3817930329748818        1.6157821193897668E-002
  -1.3782375388553558        1.6345155624218417E-002
  -1.3746820447358301        1.6540214934613735E-002
  -1.3711265506163044        1.6744066336658411E-002
  -1.3675710564967785        1.6957774361799152E-002
  -1.3640155623772525        1.7182396801577810E-002
  -1.3604600682577268        1.7418980908218223E-002
  -1.3569045741382011        1.7668559856864906E-002
  -1.3533490800186752        1.7932149465215777E-002
  -1.3497935858991494        1.8210745161031189E-002
  -1.3462380917796235        1.8505319183103077E-002
  -1.3426825976600978        1.8816817996779967E-002
  -1.3391271035405721        1.9146159901132907E-002
  -1.3355716094210461        1.9494232801368954E-002
  -1.3320161153015202        1.9861892117206490E-002
  -1.3284606211819945        2.0249958795687799E-002
  -1.3249051270624688        2.0659217395360082E-002
  -1.3213496329429428        2.1090414207974223E-002
  -1.3177941388234171        2.1544255383866159E-002
  -1.3142386447038912        2.2021405028051687E-002
  -1.3106831505843655        2.2522483235808216E-002
  -1.3071276564648397        2.3048064039164682E-002
  -1.3035721623453138        2.3598673239274563E-002
  -1.3000166682257881        2.4174786104112802E-002
  -1.2964611741062622        2.4776824916272901E-002
  -1.2929056799867364        2.5405156361812398E-002
  -1.2893501858672105        2.6060088758029350E-002
  -1.2857946917476848        2.6741869125650995E-002
  -1.2822391976281589        2.7450680119076792E-002
  -1.2786837035086331        2.8186636836881315E-002
  -1.2751282093891074        2.8949783543603082E-002
  -1.2715727152695815        2.9740090342731538E-002
  -1.2680172211500558        3.0557449849547641E-002
  -1.2644617270305298        3.1401673920879350E-002
  -1.2609062329110041        3.2272490506648092E-002
  -1.2573507387914782        3.3169540695099045E-002
  -1.2537952446719525        3.4092376029584801E-002
  -1.2502397505524265        3.5040456179483370E-002
  -1.2466842564329008        3.6013147051079400E-002
  -1.2431287623133751        3.7009719425815074E-002
  -1.2395732681938492        3.8029348213069115E-002
  -1.2360177740743232        3.9071112402415023E-002
  -1.2324622799547975        4.0133995796040406E-002
  -1.2289067858352718        4.1216888595626798E-002
  -1.2253512917157461        4.2318589909494810E-002
  -1.2217957975962201        4.3437811235237218E-002
  -1.2182403034766942        4.4573180960508531E-002
  -1.2146848093571685        4.5723249910245727E-002
  -1.2111293152376428        4.6886497952567080E-002
  -1.2075738211181168        4.8061341658191217E-002
  -1.2040183269985911        4.9246142989721367E-002
  -1.2004628328790652        5.0439218977914646E-002
  -1.1969073387595395        5.1638852322453660E-002
  -1.1933518446400138        5.2843302835197177E-002
  -1.1897963505204878        5.4050819624816414E-002
  -1.1862408564009619        5.5259653903573472E-002
  -1.1826853622814362        5.6468072280216552E-002
  -1.1791298681619105        5.7674370387991176E-002
  -1.1755743740423845        5.8876886683974443E-002
  -1.1720188799228588        6.0074016245795392E-002
  -1.1684633858033329        6.1264224384534258E-002
  -1.1649078916838072        6.2446059888587944E-002
  -1.1613523975642814        6.3618167712700915E-002
  -1.1577969034447555        6.4779300929363653E-002
  -1.1542414093252296        6.5928331766441736E-002
  -1.1506859152057038        6.7064261565215069E-002
  -1.1471304210861781        6.8186229506833146E-002
  -1.1435749269666524        6.9293519972408901E-002
  -1.1400194328471265        7.0385568422223307E-002
  -1.1364639387276005        7.1461965702497451E-002
  -1.1329084446080748        7.2522460713430326E-002
  -1.1293529504885491        7.3566961399206196E-002
  -1.1257974563690232        7.4595534048880682E-002
  -1.1222419622494972        7.5608400925858368E-002
  -1.1186864681299715        7.6605936272398936E-002
  -1.1151309740104458        7.7588660763658751E-002
  -1.1115754798909201        7.8557234512448532E-002
  -1.1080199857713942        7.9512448750623368E-002
  -1.1044644916518682        8.0455216335179325E-002
  -1.1009089975323425        8.1386561246195518E-002
  -1.0973535034128168        8.2307607259291746E-002
  -1.0937980092932909        8.3219565986850805E-002
  -1.0902425151737649        8.4123724489663446E-002
  -1.0866870210542392        8.5021432663676968E-002
  -1.0831315269347135        8.5914090605125421E-002
  -1.0795760328151878        8.6803136151563334E-002
  -1.0760205386956618        8.7690032786362962E-002
  -1.0724650445761359        8.8576258080381290E-002
  -1.0689095504566102        8.9463292827107271E-002
  -1.0653540563370845        9.0352611007207581E-002
  -1.0617985622175585        9.1245670695457234E-002
  -1.0582430680980326        9.2143905998300787E-002
  -1.0546875739785069        9.3048720084318637E-002
  -1.0511320798589812        9.3961479343389276E-002
  -1.0475765857394554        9.4883508684029921E-002
  -1.0440210916199295        9.5816087952922735E-002
  -1.0404655975004036        9.6760449436610260E-002
  -1.0369101033808779        9.7717776383379487E-002
  -1.0333546092613521        9.8689202463878467E-002
  -1.0297991151418262        9.9675812072506129E-002
  -1.0262436210223005       0.10067864135832043     
  -1.0226881269027746       0.10169867986438257     
  -1.0191326327832488       0.10273687264813218     
  -1.0155771386637231       0.10379412275260728     
  -1.0120216445441972       0.10487129389890967     
  -1.0084661504246712       0.10596921327410377     
  -1.0049106563051455       0.10708867429536653     
  -1.0013551621856198       0.10823043924037803     
 -0.99779966806609399       0.10939524164516454     
 -0.99424417394656817       0.11058378838346378     
 -0.99068867982704234       0.11179676135570581     
 -0.98713318570751651       0.11303481873039728     
 -0.98357769158799069       0.11429859569563791     
 -0.98002219746846486       0.11558870469329384     
 -0.97646670334893904       0.11690573512260262     
 -0.97291120922941321       0.11825025251347113     
 -0.96935571510988749       0.11962279718214709     
 -0.96580022099036167       0.12102388239324209     
 -0.96224472687083584       0.12245399206213997     
 -0.95868923275131002       0.12391357804060367     
 -0.95513373863178419       0.12540305703610949     
 -0.95157824451225836       0.12692280722198571     
 -0.94802275039273254       0.12847316460116870     
 -0.94446725627320671       0.13005441919138308     
 -0.94091176215368089       0.13166681110396561     
 -0.93735626803415517       0.13331052659265893     
 -0.93380077391462935       0.13498569415248579     
 -0.93024527979510352       0.13669238075252227     
 -0.92668978567557769       0.13843058828994492     
 -0.92313429155605187       0.14020025035614450     
 -0.91957879743652604       0.14200122940890095     
 -0.91602330331700021       0.14383331444736641     
 -0.91246780919747439       0.14569621928873663     
 -0.90891231507794867       0.14758958154665899     
 -0.90535682095842285       0.14951296241127601     
 -0.90180132683889702       0.15146584732901916     
 -0.89824583271937120       0.15344764767638791     
 -0.89469033859984537       0.15545770351561741     
 -0.89113484448031954       0.15749528751108993     
 -0.88757935036079372       0.15955961007313982     
 -0.88402385624126789       0.16164982578051648     
 -0.88046836212174218       0.16376504111397341     
 -0.87691286800221635       0.16590432351135478     
 -0.87335737388269052       0.16806671172923879     
 -0.86980187976316470       0.17025122746807786     
 -0.86624638564363887       0.17245688818715843     
 -0.86269089152411305       0.17468272100332391     
 -0.85913539740458722       0.17692777753388719     
 -0.85557990328506139       0.17919114951037185     
 -0.85202440916553568       0.18147198495664435     
 -0.84846891504600985       0.18376950469352638     
 -0.84491342092648403       0.18608301890329190     
 -0.84135792680695820       0.18841194346243226     
 -0.83780243268743237       0.19075581573083039     
 -0.83424693856790655       0.19311430947087979     
 -0.83069144444838072       0.19548724856195709     
 -0.82713595032885490       0.19787461917463189     
 -0.82358045620932907       0.20027658007560606     
 -0.82002496208980336       0.20269347074889285     
 -0.81646946797027753       0.20512581704121263     
 -0.81291397385075170       0.20757433406989625     
 -0.80935847973122588       0.21003992616931655     
 -0.80580298561170005       0.21252368369645125     
 -0.80224749149217423       0.21502687656669478     
 -0.79869199737264840       0.21755094444664499     
 -0.79513650325312257       0.22009748358986625     
 -0.79158100913359686       0.22266823036358502     
 -0.78802551501407103       0.22526504157715940     
 -0.78447002089454521       0.22788987178582770     
 -0.78091452677501938       0.23054474780409251     
 -0.77735903265549355       0.23323174072071864     
 -0.77380353853596773       0.23595293576043455     
 -0.77024804441644190       0.23871040038479488     
 -0.76669255029691608       0.24150615106519782     
 -0.76313705617739036       0.24434211919390808     
 -0.75958156205786453       0.24722011662345522     
 -0.75602606793833871       0.25014180134039993     
 -0.75247057381881288       0.25310864378612846     
 -0.74891507969928706       0.25612189433486698     
 -0.74535958557976123       0.25918255242783000     
 -0.74180409146023552       0.26229133784269482     
 -0.73824859734070958       0.26544866455010224     
 -0.73469310322118386       0.26865461757417552     
 -0.73113760910165793       0.27190893323337989     
 -0.72758211498213221       0.27521098309189768     
 -0.72402662086260627       0.27855976190161302     
 -0.72047112674308056       0.28195387976141983     
 -0.71691563262355484       0.28539155866529581     
 -0.71336013850402891       0.28887063355409320     
 -0.70980464438450319       0.29238855792965207     
 -0.70624915026497725       0.29594241403411181     
 -0.70269365614545154       0.29952892754321386     
 -0.69913816202592560       0.30314448667055027     
 -0.69558266790639989       0.30678516553061524     
 -0.69202717378687395       0.31044675156254775     
 -0.68847167966734824       0.31412477677399092     
 -0.68491618554782252       0.31781455252566959     
 -0.68136069142829658       0.32151120754215207     
 -0.67780519730877087       0.32520972880281168     
 -0.67424970318924493       0.32890500493923236     
 -0.67069420906971922       0.33259187174101157     
 -0.66713871495019328       0.33626515935095036     
 -0.66358322083066756       0.33991974071287079     
 -0.66002772671114185       0.34355058082058054     
 -0.65647223259161591       0.34715278630467494     
 -0.65291673847209020       0.35072165488476265     
 -0.64936124435256426       0.35425272420856829     
 -0.64580575023303854       0.35774181959563978     
 -0.64225025611351261       0.36118510020289124     
 -0.63869476199398689       0.36457910313129283     
 -0.63513926787446096       0.36792078499854736     
 -0.63158377375493524       0.37120756051119336     
 -0.62802827963540953       0.37443733758210473     
 -0.62447278551588359       0.37760854855551573     
 -0.62091729139635787       0.38072017712235184     
 -0.61736179727683194       0.38377178053361399     
 -0.61380630315730622       0.38676350674951621     
 -0.61025080903778028       0.38969610619693640     
 -0.60669531491825457       0.39257093784792507     
 -0.60313982079872863       0.39538996937739923     
 -0.59958432667920292       0.39815577120898615     
 -0.59602883255967720       0.40087150431386737     
 -0.59247333844015126       0.40354090168844398     
 -0.58891784432062555       0.40616824350216113     
 -0.58536235020109961       0.40875832597648276     
 -0.58180685608157390       0.41131642412907887     
 -0.57825136196204796       0.41384824859303643     
 -0.57469586784252225       0.41635989679850882     
 -0.57114037372299653       0.41885779888238239     
 -0.56758487960347059       0.42134865876937799     
 -0.56402938548394488       0.42383939094417317     
 -0.56047389136441894       0.42633705350725504     
 -0.55691839724489323       0.42884877817603084     
 -0.55336290312536729       0.43138169795576015     
 -0.54980740900584157       0.43394287326094710     
 -0.54625191488631564       0.43653921731532891     
 -0.54269642076678992       0.43917742169655011     
 -0.53914092664726421       0.44186388291869616     
 -0.53558543252773827       0.44460463096131808     
 -0.53202993840821255       0.44740526065605002     
 -0.52847444428868662       0.45027086683169254     
 -0.52491895016916090       0.45320598409412260     
 -0.52136345604963497       0.45621453207962659     
 -0.51780796193010925       0.45929976696830072     
 -0.51425246781058354       0.46246423997906350     
 -0.51069697369105760       0.46570976348993598     
 -0.50714147957153188       0.46903738533718214     
 -0.50358598545200595       0.47244737174660550     
 -0.50003049133248023       0.47593919923991895     
 -0.49647499721295429       0.47951155574159804     
 -0.49291950309342858       0.48316235098757043     
 -0.48936400897390264       0.48688873620926570     
 -0.48580851485437693       0.49068713293658223     
 -0.48225302073485121       0.49455327063346649     
 -0.47869752661532528       0.49848223275236125     
 -0.47514203249579956       0.50246851067059095     
 -0.47158653837627362       0.50650606485556648     
 -0.46803104425674791       0.51058839249766830     
 -0.46447555013722197       0.51470860075271330     
 -0.46092005601769626       0.51885948465081233     
 -0.45736456189817032       0.52303360865746573     
 -0.45380906777864460       0.52722339081669745     
 -0.45025357365911889       0.53142118836603891     
 -0.44669807953959295       0.53561938369030981     
 -0.44314258542006724       0.53981046947504452     
 -0.43958709130054130       0.54398713193213089     
 -0.43603159718101558       0.54814233099873377     
 -0.43247610306148965       0.55226937645603902     
 -0.42892060894196393       0.55636199897530969     
 -0.42536511482243822       0.56041441517470392     
 -0.42180962070291228       0.56442138585970347     
 -0.41825412658338657       0.56837826672094094     
 -0.41469863246386063       0.57228105087482950     
 -0.41114313834433491       0.57612640275147198     
 -0.40758764422480898       0.57991168296054896     
 -0.40403215010528326       0.58363496389515457     
 -0.40047665598575732       0.58729503596566723     
 -0.39692116186623161       0.59089140448720412     
 -0.39336566774670589       0.59442427737357029     
 -0.38981017362717996       0.59789454391575980     
 -0.38625467950765424       0.60130374504194872     
 -0.38269918538812830       0.60465403556727504     
 -0.37914369126860259       0.60794813904311695     
 -0.37558819714907665       0.61118929590676485     
 -0.37203270302955094       0.61438120571131738     
 -0.36847720891002500       0.61752796428173196     
 -0.36492171479049929       0.62063399669583796     
 -0.36136622067097357       0.62370398702771468     
 -0.35781072655144763       0.62674280581549879     
 -0.35425523243192192       0.62975543622626828     
 -0.35069973831239598       0.63274689988733557     
 -0.34714424419287027       0.63572218333656438     
 -0.34358875007334433       0.63868616601510109     
 -0.34003325595381861       0.64164355068468737     
 -0.33647776183429290       0.64459879709957035     
 -0.33292226771476696       0.64755605970145080     
 -0.32936677359524125       0.65051913003533546     
 -0.32581127947571531       0.65349138450679511     
 -0.32225578535618959       0.65647573801760972     
 -0.31870029123666366       0.65947460392894508     
 -0.31514479711713794       0.66248986071007065     
 -0.31158930299761201       0.66552282553812969     
 -0.30803380887808629       0.66857423502119018     
 -0.30447831475856058       0.67164423312480959     
 -0.30092282063903464       0.67473236629231048     
 -0.29736732651950892       0.67783758566233532     
 -0.29381183239998299       0.68095825620498329     
 -0.29025633828045727       0.68409217252058729     
 -0.28670084416093133       0.68723658097456852     
 -0.28314535004140562       0.69038820777747045     
 -0.27958985592187990       0.69354329256237490     
 -0.27603436180235397       0.69669762696319459     
 -0.27247886768282825       0.69984659765584045     
 -0.26892337356330231       0.70298523329191853     
 -0.26536787944377660       0.70610825472954386     
 -0.26181238532425066       0.70921012794954152     
 -0.25825689120472495       0.71228511903635916     
 -0.25470139708519901       0.71532735060188801     
 -0.25114590296567330       0.71833085903585736     
 -0.24759040884614758       0.72128965197899819     
 -0.24403491472662164       0.72419776543280578     
 -0.24047942060709593       0.72704931994344391     
 -0.23692392648756999       0.72983857532479757     
 -0.23336843236804428       0.73255998341731343     
 -0.22981293824851834       0.73520823841424354     
 -0.22625744412899262       0.73777832432356527     
 -0.22270195000946669       0.74026555917324144     
 -0.21914645588994097       0.74266563560711818     
 -0.21559096177041526       0.74497465756002046     
 -0.21203546765088932       0.74718917274121255     
 -0.20847997353136360       0.74930620069662424     
 -0.20492447941183767       0.75132325626067764     
 -0.20136898529231195       0.75323836824877288     
 -0.19781349117278602       0.75505009328080697     
 -0.19425799705326030       0.75675752466519930     
 -0.19070250293373459       0.75836029631113111     
 -0.18714700881420865       0.75985858167489562     
 -0.18359151469468293       0.76125308778391410     
 -0.18003602057515700       0.76254504441975379     
 -0.17648052645563128       0.76373618857934067     
 -0.17292503233610534       0.76482874437167392     
 -0.16936953821657963       0.76582539854570009     
 -0.16581404409705369       0.76672927188372586     
 -0.16225854997752798       0.76754388673398055     
 -0.15870305585800226       0.76827313099468741     
 -0.15514756173847633       0.76892121890106568     
 -0.15159206761895061       0.76949264900492187     
 -0.14803657349942467       0.76999215977334057     
 -0.14448107937989896       0.77042468326829805     
 -0.14092558526037302       0.77079529740161734     
 -0.13737009114084731       0.77110917728870587     
 -0.13381459702132137       0.77137154624947391     
 -0.13025910290179565       0.77158762702418637     
 -0.12670360878226994       0.77176259378530965     
 -0.12314811466274400       0.77190152553245694     
 -0.11959262054321829       0.77200936145563559     
 -0.11603712642369235       0.77209085884103656     
 -0.11248163230416663       0.77215055407371735     
 -0.10892613818464070       0.77219272726121613     
 -0.10537064406511498       0.77222137096217480     
 -0.10181514994558927       0.77224016345379853     
  -9.8259655826063330E-002  0.77225244691180550     
  -9.4704161706537615E-002  0.77226121080721422     
  -9.1148667587011678E-002  0.77226908074635614     
  -8.7593173467485963E-002  0.77227831289505688     
  -8.4037679347960026E-002  0.77229079403643031     
  -8.0482185228434311E-002  0.77230804721573798     
  -7.6926691108908374E-002  0.77233124282687082     
  -7.3371196989382659E-002  0.77236121489560727     
  -6.9815702869856944E-002  0.77239848221653917     
  -6.6260208750331007E-002  0.77244327390620449     
  -6.2704714630805292E-002  0.77249555884605170     
  -5.9149220511279355E-002  0.77255507840847237     
  -5.5593726391753640E-002  0.77262138178853490     
  -5.2038232272227702E-002  0.77269386320592248     
  -4.8482738152701987E-002  0.77277180019724301     
  -4.4927244033176272E-002  0.77285439218982388     
  -4.1371749913650335E-002  0.77294079853612319     
  -3.7816255794124620E-002  0.77303017519244588     
  -3.4260761674598683E-002  0.77312170924886570     
  -3.0705267555072968E-002  0.77321465055747352     
  -2.7149773435547031E-002  0.77330833976378122     
  -2.3594279316021316E-002  0.77340223212005321     
  -2.0038785196495379E-002  0.77349591654802519     
  -1.6483291076969664E-002  0.77358912952026782     
  -1.2927796957443949E-002  0.77368176344220718     
  -9.3723028379180118E-003  0.77377386933770265     
  -5.8168087183922967E-003  0.77386565376787286     
  -2.2613145988663597E-003  0.77395747004209148     
   1.2941795206593554E-003  0.77404980390899358     
   4.8496736401852925E-003  0.77414325404062023     
   8.4051677597110075E-003  0.77423850774176328     
   1.1960661879236945E-002  0.77433631242568146     
   1.5516155998762660E-002  0.77443744349466181     
   1.9071650118288375E-002  0.77454266934634486     
   2.2627144237814312E-002  0.77465271429283744     
   2.6182638357340027E-002  0.77476822022733427     
   2.9738132476865964E-002  0.77488970790169720     
   3.3293626596391679E-002  0.77501753868691425     
   3.6849120715917616E-002  0.77515187767728344     
   4.0404614835443331E-002  0.77529265896814437     
   4.3960108954969046E-002  0.77543955388784891     
   4.7515603074494983E-002  0.77559194289799627     
   5.1071097194020698E-002  0.77574889179428408     
   5.4626591313546635E-002  0.77590913274566897     
   5.8182085433072350E-002  0.77607105060420067     
   6.1737579552598287E-002  0.77623267480508851     
   6.5293073672124002E-002  0.77639167705894552     
   6.8848567791649939E-002  0.77654537491865805     
   7.2404061911175654E-002  0.77669074118503245     
   7.5959556030701370E-002  0.77682441900111887     
   7.9515050150227307E-002  0.77694274237719696     
   8.3070544269753022E-002  0.77704176178962014     
   8.6626038389278959E-002  0.77711727440875689     
   9.0181532508804674E-002  0.77716485843579697     
   9.3737026628330611E-002  0.77717991096662731     
   9.7292520747856326E-002  0.77715768875386149     
  0.10084801486738226       0.77709335120587519     
  0.10440350898690798       0.77698200494456127     
  0.10795900310643369       0.77681874924028471     
  0.11151449722595963       0.77659872165340826     
  0.11506999134548535       0.77631714323453493     
  0.11862548546501128       0.77596936266971472     
  0.12218097958453700       0.77555089880032013     
  0.12573647370406293       0.77505748099828309     
  0.12929196782358865       0.77448508693452955     
  0.13284746194311436       0.77382997733943015     
  0.13640295606264030       0.77308872741774826     
  0.13995845018216602       0.77225825464466269     
  0.14351394430169195       0.77133584273318123     
  0.14706943842121767       0.77031916162483416     
  0.15062493254074361       0.76920628341415109     
  0.15418042666026932       0.76799569417232938     
  0.15773592077979526       0.76668630168583884     
  0.16129141489932097       0.76527743917153479     
  0.16484690901884669       0.76376886507048691     
  0.16840240313837262       0.76216075905883507     
  0.17195789725789834       0.76045371444524912     
  0.17551339137742428       0.75864872715150888     
  0.17906888549694999       0.75674718149591946     
  0.18262437961647593       0.75475083301869161     
  0.18617987373600164       0.75266178860518129     
  0.18973536785552758       0.75048248417668384     
  0.19329086197505330       0.74821566023035313     
  0.19684635609457901       0.74586433551954057     
  0.20040185021410495       0.74343177917394443     
  0.20395734433363066       0.74092148156543414     
  0.20751283845315660       0.73833712423007802     
  0.21106833257268232       0.73568254916003784     
  0.21462382669220825       0.73296172777988067     
  0.21817932081173397       0.73017872992071986     
  0.22173481493125968       0.72733769310185703     
  0.22529030905078562       0.72444279242291210     
  0.22884580317031133       0.72149821135954439     
  0.23240129728983727       0.71850811374269929     
  0.23595679140936299       0.71547661718406674     
  0.23951228552888892       0.71240776818980789     
  0.24306777964841464       0.70930551917971929     
  0.24662327376794058       0.70617370760080656     
  0.25017876788746629       0.70301603729216244     
  0.25373426200699223       0.69983606222318062     
  0.25728975612651794       0.69663717268972170     
  0.26084525024604366       0.69342258401325962     
  0.26440074436556937       0.69019532774773196     
  0.26795623848509553       0.68695824535791516     
  0.27151173260462125       0.68371398429316554     
  0.27506722672414696       0.68046499634175539     
  0.27862272084367268       0.67721353811525675     
  0.28217821496319839       0.67396167347994074     
  0.28573370908272455       0.67071127772417394     
  0.28928920320225027       0.66746404322777142     
  0.29284469732177598       0.66422148638212142     
  0.29640019144130170       0.66098495549889558     
  0.29995568556082786       0.65775563944071214     
  0.30351117968035357       0.65453457670922033     
  0.30706667379987929       0.65132266473493483     
  0.31062216791940500       0.64812066912810573     
  0.31417766203893072       0.64492923267089008     
  0.31773315615845688       0.64174888385719364     
  0.32128865027798259       0.63858004481714448     
  0.32484414439750831       0.63542303849726345     
  0.32839963851703402       0.63227809500411436     
  0.33195513263656018       0.62914535705711594     
  0.33551062675608589       0.62602488453474503     
  0.33906612087561161       0.62291665813565156     
  0.34262161499513732       0.61982058221205438     
  0.34617710911466304       0.61673648686509919     
  0.34973260323418920       0.61366412942082016     
  0.35328809735371491       0.61060319542913188     
  0.35684359147324063       0.60755329934701940     
  0.36039908559276634       0.60451398507965415     
  0.36395457971229250       0.60148472655987195     
  0.36751007383181822       0.59846492854649846     
  0.37106556795134393       0.59545392781607975     
  0.37462106207086965       0.59245099491044306     
  0.37817655619039536       0.58945533658499294     
  0.38173205030992152       0.58646609908004155     
  0.38528754442944724       0.58348237231056221     
  0.38884303854897295       0.58050319503964742     
  0.39239853266849867       0.57752756106817504     
  0.39595402678802438       0.57455442643902765     
  0.39950952090755054       0.57158271761970214     
  0.40306501502707626       0.56861134059304064     
  0.40662050914660197       0.56563919075353253     
  0.41017600326612769       0.56266516347672524     
  0.41373149738565385       0.55968816520282672     
  0.41728699150517956       0.55670712485329255     
  0.42084248562470528       0.55372100538159430     
  0.42439797974423099       0.55072881524702610     
  0.42795347386375671       0.54772961959370547     
  0.43150896798328287       0.54472255091570687     
  0.43506446210280858       0.54170681899407425     
  0.43861995622233430       0.53868171990146063     
  0.44217545034186001       0.53564664388578198     
  0.44573094446138617       0.53260108196427414     
  0.44928643858091188       0.52954463108396899     
  0.45284193270043760       0.52647699773255707     
  0.45639742681996331       0.52339799991442792     
  0.45995292093948903       0.52030756743951878     
  0.46350841505901519       0.51720574050668544     
  0.46706390917854090       0.51409266659756747     
  0.47061940329806662       0.51096859573076236     
  0.47417489741759233       0.50783387415872694     
  0.47773039153711849       0.50468893662019920     
  0.48128588565664421       0.50153429728874821     
  0.48484137977616992       0.49837053958259947     
  0.48839687389569564       0.49519830502150081     
  0.49195236801522135       0.49201828133310066     
  0.49550786213474751       0.48883119002344755     
  0.49906335625427323       0.48563777363402222     
  0.50261885037379894       0.48243878291080017     
  0.50617434449332466       0.47923496410964656     
  0.50972983861285082       0.47602704665671752     
  0.51328533273237653       0.47281573137304650     
  0.51684082685190225       0.46960167945922404     
  0.52039632097142796       0.46638550241964483     
  0.52395181509095368       0.46316775308646257     
  0.52750730921047984       0.45994891788185288     
  0.53106280333000555       0.45672941043371745     
  0.53461829744953127       0.45350956663526532     
  0.53817379156905698       0.45028964121336046     
  0.54172928568858314       0.44706980584472550     
  0.54528477980810885       0.44385014883322954     
  0.54884027392763457       0.44063067633647296     
  0.55239576804716028       0.43741131510546327     
  0.55595126216668600       0.43419191667827689     
  0.55950675628621216       0.43097226294704188     
  0.56306225040573787       0.42775207299795076     
  0.56661774452526359       0.42453101110628605     
  0.57017323864478930       0.42130869575281532     
  0.57372873276431502       0.41808470951465315     
  0.57728422688384118       0.41485860967268279     
  0.58083972100336689       0.41162993936893316     
  0.58439521512289261       0.40839823914126211     
  0.58795070924241832       0.40516305865876723     
  0.59150620336194448       0.40192396848006129     
  0.59506169748147020       0.39868057165746229     
  0.59861719160099591       0.39543251501347471     
  0.60217268572052163       0.39217949992146933     
  0.60572817984004734       0.38892129243017337     
  0.60928367395957350       0.38565773258136171     
  0.61283916807909922       0.38238874278188645     
  0.61639466219862493       0.37911433510476655     
  0.61995015631815065       0.37583461740928731     
  0.62350565043767681       0.37254979818685097     
  0.62706114455720252       0.36926019005738225     
  0.63061663867672824       0.36596621186026568     
  0.63417213279625395       0.36266838930383538     
  0.63772762691577967       0.35936735415806298     
  0.64128312103530583       0.35606384199603031     
  0.64483861515483154       0.35275868851073078     
  0.64839410927435726       0.34945282445440351     
  0.65194960339388297       0.34614726926767081     
  0.65550509751340913       0.34284312348482138     
  0.65906059163293484       0.33954156001950142     
  0.66261608575246056       0.33624381445131696     
  0.66617157987198627       0.33295117444840094     
  0.66972707399151199       0.32966496847332344     
  0.67328256811103815       0.32638655392982407     
  0.67683806223056386       0.32311730491543178     
  0.68039355635008958       0.31985859974996206     
  0.68394905046961529       0.31661180845215231     
  0.68750454458914145       0.31337828033617826     
  0.69106003870866717       0.31015933189657247     
  0.69461553282819288       0.30695623514422044     
  0.69817102694771860       0.30377020654774467     
  0.70172652106724431       0.30060239672390154     
  0.70528201518677047       0.29745388100785342     
  0.70883750930629619       0.29432565101958513     
  0.71239300342582190       0.29121860732661387     
  0.71594849754534762       0.28813355328585755     
  0.71950399166487333       0.28507119012933213     
  0.72305948578439949       0.28203211333971023     
  0.72661497990392521       0.27901681034292886     
  0.73017047402345092       0.27602565952632446     
  0.73372596814297664       0.27305893057263309     
  0.73728146226250280       0.27011678608269069     
  0.74083695638202851       0.26719928444323210     
  0.74439245050155423       0.26430638388096511     
  0.74794794462107994       0.26143794763020745     
  0.75150343874060566       0.25859375012901858     
  0.75505893286013182       0.25577348414798218     
  0.75861442697965753       0.25297676874663455     
  0.76216992109918325       0.25020315794498615     
  0.76572541521870896       0.24745214999167361     
  0.76928090933823512       0.24472319710587295     
  0.77283640345776083       0.24201571556716631     
  0.77639189757728655       0.23932909602601243     
  0.77994739169681226       0.23666271390718166     
  0.78350288581633798       0.23401593977941712     
  0.78705837993586414       0.23138814956656689     
  0.79061387405538985       0.22877873447841598     
  0.79416936817491557       0.22618711054340407     
  0.79772486229444128       0.22361272763021411     
  0.80128035641396744       0.22105507785094219     
  0.80483585053349316       0.21851370324509917     
  0.80839134465301887       0.21598820265111712     
  0.81194683877254459       0.21347823768035368     
  0.81550233289207030       0.21098353771778788     
  0.81905782701159646       0.20850390388378878     
  0.82261332113112218       0.20603921190243005     
  0.82616881525064789       0.20358941383396836     
  0.82972430937017361       0.20115453864215996     
  0.83327980348969977       0.19873469158109214     
  0.83683529760922548       0.19633005240111273     
  0.84039079172875120       0.19394087238904853     
  0.84394628584827691       0.19156747027419296     
  0.84750177996780263       0.18921022704818835     
  0.85105727408732879       0.18686957976381710     
  0.85461276820685450       0.18454601439449389     
  0.85816826232638022       0.18224005785262024     
  0.86172375644590593       0.17995226928062094     
  0.86527925056543165       0.17768323074300441     
  0.86883474468495780       0.17543353746085757     
  0.87239023880448352       0.17320378774137313     
  0.87594573292400923       0.17099457276401123     
  0.87950122704353495       0.16880646639131108     
  0.88305672116306111       0.16664001517596433     
  0.88661221528258682       0.16449572873625234     
  0.89016770940211254       0.16237407066914844     
  0.89372320352163825       0.16027545016423600     
  0.89727869764116397       0.15820021447199695     
  0.90083419176069013       0.15614864236710929     
  0.90438968588021584       0.15412093873126059     
  0.90794517999974156       0.15211723036090308     
  0.91150067411926727       0.15013756308368362     
  0.91505616823879343       0.14818190024335609     
  0.91861166235831915       0.14625012258735068     
  0.92216715647784486       0.14434202956434419     
  0.92572265059737058       0.14245734201178639     
  0.92927814471689629       0.14059570618596276     
  0.93283363883642245       0.13875669906051086     
  0.93638913295594817       0.13693983479394409     
  0.93994462707547388       0.13514457224333781     
  0.94350012119499960       0.13337032338044563     
  0.94705561531452576       0.13161646244864814     
  0.95061110943405147       0.12988233568479535     
  0.95416660355357719       0.12816727141947412     
  0.95772209767310290       0.12647059036284203     
  0.96127759179262862       0.12479161588102959     
  0.96483308591215478       0.12312968407030189     
  0.96838858003168049       0.12148415344260520     
  0.97194407415120621       0.11985441404661479     
  0.97549956827073192       0.11823989586270388     
  0.97905506239025808       0.11664007632792658     
  0.98261055650978379       0.11505448686773595     
  0.98616605062930951       0.11348271833414833     
  0.98972154474883522       0.11192442527487066     
  0.99327703886836094       0.11037932898382301     
  0.99683253298788710       0.10884721930990418     
   1.0003880271074128       0.10732795522708111     
   1.0039435212269385       0.10582146419426337     
   1.0074990153464642       0.10432774035740208     
   1.0110545094659904       0.10284684166817637     
   1.0146100035855161       0.10137888601311176     
   1.0181654977050418        9.9924046463521071E-002
   1.0217209918245675        9.8482545769993782E-002
   1.0252764859440933        9.7054650235054218E-002
   1.0288319800636194        9.5640663103932849E-002
   1.0323874741831451        9.4240917616153788E-002
   1.0359429683026709        9.2855769859892218E-002
   1.0394984624221966        9.1485591567016813E-002
   1.0430539565417223        9.0130762979628090E-002
   1.0466094506612484        8.8791665909118619E-002
   1.0501649447807742        8.7468677096694786E-002
   1.0537204389002999        8.6162161970379417E-002
   1.0572759330198256        8.4872468878254656E-002
   1.0608314271393517        8.3599923861585324E-002
   1.0643869212588775        8.2344826015022909E-002
   1.0679424153784032        8.1107443464780257E-002
   1.0714979094979289        7.9888009979978206E-002
   1.0750534036174546        7.8686722217673810E-002
   1.0786088977369808        7.7503737588770119E-002
   1.0821643918565065        7.6339172720350346E-002
   1.0857198859760322        7.5193102480192703E-002
   1.0892753800955579        7.4065559521467178E-002
   1.0928308742150841        7.2956534299915957E-002
   1.0963863683346098        7.1865975512210953E-002
   1.0999418624541355        7.0793790902542703E-002
   1.1034973565736612        6.9739848384702610E-002
   1.1070528506931869        6.8703977428758375E-002
   1.1106083448127131        6.7685970664650569E-002
   1.1141638389322388        6.6685585659369204E-002
   1.1177193330517645        6.5702546829507061E-002
   1.1212748271712902        6.4736547456614946E-002
   1.1248303212908164        6.3787251778598550E-002
   1.1283858154103421        6.2854297136115012E-002
   1.1319413095298678        6.1937296158269393E-002
   1.1354968036493935        6.1035838976682896E-002
   1.1390522977689193        6.0149495460981917E-002
   1.1426077918884454        5.9277817471853428E-002
   1.1461632860079711        5.8420341129911887E-002
   1.1497187801274968        5.7576589099721437E-002
   1.1532742742470226        5.6746072888437971E-002
   1.1568297683665487        5.5928295157744091E-002
   1.1603852624860744        5.5122752046179536E-002
   1.1639407566056001        5.4328935496764055E-002
   1.1674962507251259        5.3546335582161271E-002
   1.1710517448446516        5.2774442816727538E-002
   1.1746072389641777        5.2012750441860350E-002
   1.1781627330837035        5.1260756668291309E-002
   1.1817182272032292        5.0517966856573795E-002
   1.1852737213227549        4.9783895615162797E-002
   1.1888292154422806        4.9058068794323312E-002
   1.1923847095618068        4.8340025353750524E-002
   1.1959402036813325        4.7629319082312327E-002
   1.1994956978008582        4.6925520149760612E-002
   1.2030511919203839        4.6228216472600010E-002
   1.2066066860399101        4.5537014879480663E-002
   1.2101621801594358        4.4851542065413974E-002
   1.2137176742789615        4.4171445328656196E-002
   1.2172731683984872        4.3496393089105564E-002
   1.2208286625180129        4.2826075192327284E-002
   1.2243841566375391        4.2160203008658033E-002
   1.2279396507570648        4.1498509342040475E-002
   1.2314951448765905        4.0840748168090073E-002
   1.2350506389961162        4.0186694225214106E-002
   1.2386061331156424        3.9536142486202262E-002
   1.2421616272351681        3.8888907540446216E-002
   1.2457171213546938        3.8244822918702827E-002
   1.2492726154742195        3.7603740393012369E-002
   1.2528281095937452        3.6965529283978962E-002
   1.2563836037132714        3.6330075806117794E-002
   1.2599390978327971        3.5697282479416552E-002
   1.2634945919523228        3.5067067631728448E-002
   1.2670500860718485        3.4439365012235712E-002
   1.2706055801913747        3.3814123531140293E-002
   1.2741610743109004        3.3191307135138161E-002
   1.2777165684304261        3.2570894822303555E-002
   1.2812720625499519        3.1952880793966951E-002
   1.2848275566694776        3.1337274735214790E-002
   1.2883830507890037        3.0724102209987978E-002
   1.2919385449085294        3.0113405151595402E-002
   1.2954940390280552        2.9505242424966622E-002
   1.2990495331475809        2.8899690433295291E-002
   1.3026050272671070        2.8296843738982006E-002
   1.3061605213866327        2.7696815667065972E-002
   1.3097160155061585        2.7099738858673634E-002
   1.3132715096256842        2.6505765742428234E-002
   1.3168270037452099        2.5915068893213235E-002
   1.3203824978647360        2.5327841250109930E-002
   1.3239379919842618        2.4744296168627174E-002
   1.3274934861037875        2.4164667286382165E-002
   1.3310489802233132        2.3589208186028169E-002
   1.3346044743428394        2.3018191844279674E-002
   1.3381599684623651        2.2451909861188342E-002
   1.3417154625818908        2.1890671469182763E-002
   1.3452709567014165        2.1334802326629345E-002
   1.3488264508209422        2.0784643105622440E-002
   1.3523819449404684        2.0240547888223832E-002
   1.3559374390599941        1.9702882389307595E-002
   1.3594929331795198        1.9172022027418859E-002
   1.3630484272990455        1.8648349867553701E-002
   1.3666039214185712        1.8132254461454399E-002
   1.3701594155380974        1.7624127611886125E-002
   1.3737149096576231        1.7124362087427538E-002
   1.3772704037771488        1.6633349313616087E-002
   1.3808258978966745        1.6151477064916913E-002
   1.3843813920162007        1.5679127180020035E-002
   1.3879368861357264        1.5216673320537791E-002
   1.3914923802552521        1.4764478790393715E-002
   1.3950478743747778        1.4322894430208307E-002
   1.3986033684943036        1.3892256597925435E-002
   1.4021588626138297        1.3472885243928326E-002
   1.4057143567333554        1.3065082086084536E-002
   1.4092698508528811        1.2669128887647879E-002
   1.4128253449724069        1.2285285838827115E-002
   1.4163808390919330        1.1913790041171674E-002
   1.4199363332114587        1.1554854092777652E-002
   1.4234918273309844        1.1208664771699406E-002
   1.4270473214505102        1.0875381814865141E-002
   1.4306028155700359        1.0555136790205767E-002
   1.4341583096895620        1.0248032060569493E-002
   1.4377138038090878        9.9541398392368509E-003
   1.4412692979286135        9.6735013383845766E-003
   1.4448247920481392        9.4061260135761843E-003
   1.4483802861676653        9.1519909091693826E-003
   1.4519357802871911        8.9110401113206561E-003
   1.4554912744067168        8.6831843169223565E-003
   1.4590467685262425        8.4683005282294166E-003
   1.4626022626457682        8.2662318840247290E-003
   1.4661577567652944        8.0767876388621682E-003
   1.4697132508848201        7.8997433021513481E-003
   1.4732687450043458        7.7348409485693704E-003
   1.4768242391238715        7.5817897104861528E-003
   1.4803797332433977        7.4402664617708395E-003
   1.4839352273629234        7.3099167005376232E-003
   1.4874907214824491        7.1903556361314330E-003
   1.4910462156019748        7.0811694830154237E-003
   1.4946017097215005        6.9819169612794609E-003
   1.4981572038410267        6.8921310003365833E-003
   1.5017126979605524        6.8113206391122814E-003
   1.5052681920800781        6.7389731127642022E-003
   1.5088236861996038        6.6745561128041938E-003
   1.5123791803191295        6.6175202045303909E-003
   1.5159346744386557        6.5673013830096919E-003
   1.5194901685581814        6.5233237465616599E-003
   1.5230456626777071        6.4850022648524899E-003
   1.5266011567972328        6.4517456173634581E-003
   1.5301566509167590        6.4229590771845736E-003
   1.5337121450362847        6.3980474148150751E-003
   1.5372676391558104        6.3764177969210566E-003
   1.5408231332753362        6.3574826557820097E-003
   1.5443786273948619        6.3406625064086324E-003
   1.5479341215143880        6.3253886899757228E-003
   1.5514896156339137        6.3111060242133296E-003
   1.5550451097534395        6.2972753436548725E-003
   1.5586006038729652        6.2833759150628891E-003
   1.5621560979924913        6.2689077158492607E-003
   1.5657115921120170        6.2533935657851291E-003
   1.5692670862315428        6.2363811046679931E-003
   1.5728225803510685        6.2174446107994040E-003
   1.5763780744705942        6.1961866570556818E-003
   1.5799335685901204        6.1722396029494451E-003
   1.5834890627096461        6.1452669223392934E-003
   1.5870445568291718        6.1149643673236720E-003
   1.5906000509486975        6.0810609693448267E-003
   1.5941555450682237        6.0433198786399751E-003
   1.5977110391877494        6.0015390429363916E-003
   1.6012665333072751        5.9555517257378430E-003
   1.6048220274268008        5.9052268637499721E-003
   1.6083775215463265        5.8504692620100999E-003
   1.6119330156658527        5.7912196242020843E-003
   1.6154885097853784        5.7274544145341040E-003
   1.6190440039049041        5.6591855465239231E-003
   1.6225994980244298        5.5864598931607400E-003
   1.6261549921439560        5.5093586122775783E-003
   1.6297104862634817        5.4279962806508082E-003
   1.6332659803830074        5.3425198304090362E-003
   1.6368214745025331        5.2531072818366564E-003
   1.6403769686220588        5.1599662676344860E-003
   1.6439324627415850        5.0633323451736070E-003
   1.6474879568611107        4.9634670952505662E-003
   1.6510434509806364        4.8606560083067751E-003
   1.6545989451001621        4.7552061619779446E-003
   1.6581544392196879        4.6474436971363402E-003
   1.6617099333392140        4.5377111032110229E-003
   1.6652654274587397        4.4263643274327141E-003
   1.6688209215782654        4.3137697266526992E-003
   1.6723764156977912        4.2003008844219876E-003
   1.6759319098173173        4.0863353199710982E-003
   1.6794874039368430        3.9722511194856796E-003
   1.6830428980563688        3.8584235235084000E-003
   1.6865983921758945        3.7452215073001576E-003
   1.6901538862954202        3.6330043934537522E-003
   1.6937093804149463        3.5221185378758370E-003
   1.6972648745344721        3.4128941313533814E-003
   1.7008203686539978        3.3056421592324945E-003
   1.7043758627735235        3.2006515612130783E-003
   1.7079313568930496        3.0981866318733294E-003
   1.7114868510125754        2.9984847002798732E-003
   1.7150423451321011        2.9017541239276601E-003
   1.7185978392516268        2.8081726283296655E-003
   1.7221533333711525        2.7178860188995491E-003
   1.7257088274906787        2.6310072864242583E-003
   1.7292643216102044        2.5476161215077352E-003
   1.7328198157297301        2.4677588469986297E-003
   1.7363753098492558        2.3914487707253364E-003
   1.7399308039687820        2.3186669539904023E-003
   1.7434862980883077        2.2493633843719964E-003
   1.7470417922078334        2.1834585345920248E-003
   1.7505972863273591        2.1208452826889461E-003
   1.7541527804468848        2.0613911626218145E-003
   1.7577082745664110        2.0049409088676268E-003
   1.7612637686859367        1.9513192536799045E-003
   1.7648192628054624        1.9003339315612727E-003
   1.7683747569249881        1.8517788422576789E-003
   1.7719302510445143        1.8054373212761171E-003
   1.7754857451640400        1.7610854656102631E-003
   1.7790412392835657        1.7184954620532605E-003
   1.7825967334030914        1.6774388661857148E-003
   1.7861522275226172        1.6376897818262688E-003
   1.7897077216421433        1.5990278933769202E-003
   1.7932632157616690        1.5612413070179151E-003
   1.7968187098811947        1.5241291610205612E-003
   1.8003742040007205        1.4875039704469256E-003
   1.8039296981202466        1.4511936770738459E-003
   1.8074851922397723        1.4150433813858597E-003
