  -1.7693999167709602        1.4858373518218068E-003
  -1.7655342359470831        1.5377590161813573E-003
  -1.7616685551232063        1.5888962581542237E-003
  -1.7578028742993292        1.6391199585766728E-003
  -1.7539371934754522        1.6883115782936847E-003
  -1.7500715126515753        1.7363648999616063E-003
  -1.7462058318276983        1.7831877296412184E-003
  -1.7423401510038212        1.8287035382770107E-003
  -1.7384744701799444        1.8728530224786325E-003
  -1.7346087893560673        1.9155955635224817E-003
  -1.7307431085321903        1.9569105632213559E-003
  -1.7268774277083134        1.9967986353170144E-003
  -1.7230117468844364        2.0352826313835551E-003
  -1.7191460660605595        2.0724084809366013E-003
  -1.7152803852366825        2.1082458265684551E-003
  -1.7114147044128054        2.1428884365078424E-003
  -1.7075490235889286        2.1764543790626684E-003
  -1.7036833427650515        2.2090859459583481E-003
  -1.6998176619411745        2.2409493146332894E-003
  -1.6959519811172976        2.2722339430793909E-003
  -1.6920863002934206        2.3031516947844624E-003
  -1.6882206194695435        2.3339356956914958E-003
  -1.6843549386456667        2.3648389297647363E-003
  -1.6804892578217896        2.3961325846544421E-003
  -1.6766235769979125        2.4281041639746801E-003
  -1.6727578961740357        2.4610553877313563E-003
  -1.6688922153501586        2.4952999073297780E-003
  -1.6650265345262816        2.5311608662140347E-003
  -1.6611608537024047        2.5689683414031137E-003
  -1.6572951728785277        2.6090567048516113E-003
  -1.6534294920546506        2.6517619465426761E-003
  -1.6495638112307738        2.6974190033961861E-003
  -1.6456981304068967        2.7463591393399904E-003
  -1.6418324495830197        2.7989074221611305E-003
  -1.6379667687591428        2.8553803419660850E-003
  -1.6341010879352658        2.9160836141999985E-003
  -1.6302354071113889        2.9813102072002058E-003
  -1.6263697262875119        3.0513386302153203E-003
  -1.6225040454636348        3.1264315127650724E-003
  -1.6186383646397577        3.2068345002361364E-003
  -1.6147726838158809        3.2927754838215314E-003
  -1.6109070029920038        3.3844641754590980E-003
  -1.6070413221681270        3.4820920304727515E-003
  -1.6031756413442499        3.5858325123529979E-003
  -1.5993099605203729        3.6958416857262931E-003
  -1.5954442796964960        3.8122591152624148E-003
  -1.5915785988726190        3.9352090402621073E-003
  -1.5877129180487419        4.0648017871577216E-003
  -1.5838472372248651        4.2011353753450510E-003
  -1.5799815564009880        4.3442972658257343E-003
  -1.5761158755771110        4.4943661972419325E-003
  -1.5722501947532341        4.6514140501706198E-003
  -1.5683845139293571        4.8155076781292326E-003
  -1.5645188331054800        4.9867106427168946E-003
  -1.5606531522816032        5.1650847907347263E-003
  -1.5567874714577261        5.3506916130205877E-003
  -1.5529217906338491        5.5435933280965121E-003
  -1.5490561098099722        5.7438536385252060E-003
  -1.5451904289860952        5.9515381140418204E-003
  -1.5413247481622183        6.1667141629761892E-003
  -1.5374590673383413        6.3894505620918163E-003
  -1.5335933865144642        6.6198165245971311E-003
  -1.5297277056905871        6.8578802965716919E-003
  -1.5258620248667103        7.1037072832100361E-003
  -1.5219963440428332        7.3573577179252593E-003
  -1.5181306632189564        7.6188838992588600E-003
  -1.5142649823950793        7.8883270324969171E-003
  -1.5103993015712023        8.1657137246624097E-003
  -1.5065336207473254        8.4510521929130854E-003
  -1.5026679399234484        8.7443282570839748E-003
  -1.4988022590995713        9.0455011969457783E-003
  -1.4949365782756945        9.3544995634746147E-003
  -1.4910708974518174        9.6712170408250336E-003
  -1.4872052166279404        9.9955084615596587E-003
  -1.4833395358040635        1.0327186081821364E-002
  -1.4794738549801865        1.0666016225363345E-002
  -1.4756081741563096        1.1011716405530282E-002
  -1.4717424933324326        1.1363953032287551E-002
  -1.4678768125085555        1.1722339807135326E-002
  -1.4640111316846784        1.2086436902170697E-002
  -1.4601454508608016        1.2455751010660951E-002
  -1.4562797700369245        1.2829736345300853E-002
  -1.4524140892130477        1.3207796646928179E-002
  -1.4485484083891706        1.3589288250999206E-002
  -1.4446827275652936        1.3973524241764491E-002
  -1.4408170467414165        1.4359779705071195E-002
  -1.4369513659175397        1.4747298070342455E-002
  -1.4330856850936626        1.5135298510880654E-002
  -1.4292200042697858        1.5522984349591016E-002
  -1.4253543234459087        1.5909552394943752E-002
  -1.4214886426220317        1.6294203109934246E-002
  -1.4176229617981548        1.6676151495432539E-002
  -1.4137572809742778        1.7054638549117210E-002
  -1.4098916001504007        1.7428943142648409E-002
  -1.4060259193265239        1.7798394143319036E-002
  -1.4021602385026468        1.8162382592579050E-002
  -1.3982945576787698        1.8520373742969106E-002
  -1.3944288768548929        1.8871918747484086E-002
  -1.3905631960310159        1.9216665791519510E-002
  -1.3866975152071390        1.9554370457566923E-002
  -1.3828318343832620        1.9884905116868714E-002
  -1.3789661535593849        2.0208267150391496E-002
  -1.3751004727355078        2.0524585813700175E-002
  -1.3712347919116310        2.0834127576503780E-002
  -1.3673691110877539        2.1137299787586113E-002
  -1.3635034302638771        2.1434652539231797E-002
  -1.3596377494400000        2.1726878631730208E-002
  -1.3557720686161230        2.2014811567622007E-002
  -1.3519063877922459        2.2299421536523260E-002
  -1.3480407069683691        2.2581809384031367E-002
  -1.3441750261444920        2.2863198591772233E-002
  -1.3403093453206152        2.3144925329425515E-002
  -1.3364436644967381        2.3428426672920097E-002
  -1.3325779836728611        2.3715227115253836E-002
  -1.3287123028489842        2.4006923526945896E-002
  -1.3248466220251072        2.4305168751359751E-002
  -1.3209809412012301        2.4611654045513961E-002
  -1.3171152603773533        2.4928090599029874E-002
  -1.3132495795534762        2.5256190382152845E-002
  -1.3093838987295991        2.5597646587990037E-002
  -1.3055182179057223        2.5954113944007044E-002
  -1.3016525370818453        2.6327189173258780E-002
  -1.2977868562579684        2.6718391886748676E-002
  -1.2939211754340914        2.7129146184746964E-002
  -1.2900554946102143        2.7560763236965533E-002
  -1.2861898137863372        2.8014425099384350E-002
  -1.2823241329624604        2.8491170009521824E-002
  -1.2784584521385833        2.8991879382342212E-002
  -1.2745927713147065        2.9517266706200574E-002
  -1.2707270904908294        3.0067868512614920E-002
  -1.2668614096669524        3.0644037565681896E-002
  -1.2629957288430753        3.1245938387055042E-002
  -1.2591300480191985        3.1873545201033464E-002
  -1.2552643671953214        3.2526642351910773E-002
  -1.2513986863714446        3.3204827212738451E-002
  -1.2475330055475675        3.3907515571497911E-002
  -1.2436673247236905        3.4633949447702608E-002
  -1.2398016438998134        3.5383207260094196E-002
  -1.2359359630759366        3.6154216234643363E-002
  -1.2320702822520597        3.6945766911885121E-002
  -1.2282046014281827        3.7756529583984448E-002
  -1.2243389206043056        3.8585072465143970E-002
  -1.2204732397804285        3.9429881374310576E-002
  -1.2166075589565515        4.0289380686858813E-002
  -1.2127418781326746        4.1161955292312931E-002
  -1.2088761973087978        4.2045973278457986E-002
  -1.2050105164849207        4.2939809048642343E-002
  -1.2011448356610437        4.3841866568941221E-002
  -1.1972791548371666        4.4750602435388698E-002
  -1.1934134740132898        4.5664548448897856E-002
  -1.1895477931894127        4.6582333387032410E-002
  -1.1856821123655359        4.7502703667609197E-002
  -1.1818164315416588        4.8424542609384683E-002
  -1.1779507507177818        4.9346888009879741E-002
  -1.1740850698939047        5.0268947779784759E-002
  -1.1702193890700279        5.1190113397299647E-002
  -1.1663537082461508        5.2109970974100916E-002
  -1.1624880274222740        5.3028309757151587E-002
  -1.1586223465983969        5.3945127926973292E-002
  -1.1547566657745199        5.4860635592832316E-002
  -1.1508909849506428        5.5775254928053200E-002
  -1.1470253041267660        5.6689617433661466E-002
  -1.1431596233028891        5.7604558365080209E-002
  -1.1392939424790121        5.8521108403792460E-002
  -1.1354282616551350        5.9440482702828784E-002
  -1.1315625808312579        6.0364067480690405E-002
  -1.1276969000073809        6.1293404381859672E-002
  -1.1238312191835040        6.2230172862367934E-002
  -1.1199655383596272        6.3176170895030068E-002
  -1.1160998575357501        6.4133294319920292E-002
  -1.1122341767118731        6.5103515190659794E-002
  -1.1083684958879960        6.6088859485287338E-002
  -1.1045028150641192        6.7091384561348680E-002
  -1.1006371342402421        6.8113156737827085E-002
  -1.0967714534163653        6.9156229381429929E-002
  -1.0929057725924882        7.0222621861411219E-002
  -1.0890400917686112        7.1314299715693238E-002
  -1.0851744109447341        7.2433156341865132E-002
  -1.0813087301208573        7.3580996490214823E-002
  -1.0774430492969802        7.4759521793049816E-002
  -1.0735773684731034        7.5970318516084323E-002
  -1.0697116876492263        7.7214847664726541E-002
  -1.0658460068253492        7.8494437521905228E-002
  -1.0619803260014722        7.9810278636016058E-002
  -1.0581146451775953        8.1163421219006368E-002
  -1.0542489643537185        8.2554774857117444E-002
  -1.0503832835298414        8.3985110381753464E-002
  -1.0465176027059644        8.5455063696830216E-002
  -1.0426519218820873        8.6965141313171151E-002
  -1.0387862410582103        8.8515727301249583E-002
  -1.0349205602343334        9.0107091342006340E-002
  -1.0310548794104566        9.1739397532500502E-002
  -1.0271891985865795        9.3412713589522134E-002
  -1.0233235177627025        9.5127020090495951E-002
  -1.0194578369388254        9.6882219397326108E-002
  -1.0155921561149486        9.8678143925224629E-002
  -1.0117264752910715       0.10051456344483253     
  -1.0078607944671947       0.10239119114149864     
  -1.0039951136433176       0.10430768819971088     
  -1.0001294328194406       0.10626366673234104     
 -0.99626375199556361       0.10825869093232254     
 -0.99239807117168666       0.11029227638727662     
 -0.98853239034780960       0.11236388756375749     
 -0.98466670952393265       0.11447293353560858     
 -0.98080102870005570       0.11661876209851328     
 -0.97693534787617875       0.11880065247843018     
 -0.97306966705230169       0.12101780690335502     
 -0.96920398622842474       0.12326934136396538     
 -0.96533830540454779       0.12555427593749585     
 -0.96147262458067073       0.12787152508912805     
 -0.95760694375679378       0.13021988839485851     
 -0.95374126293291683       0.13259804214807369     
 -0.94987558210903977       0.13500453231813606     
 -0.94600990128516282       0.13743776932237942     
 -0.94214422046128588       0.13989602505291088     
 -0.93827853963740881       0.14237743256650712     
 -0.93441285881353187       0.14487998880002390     
 -0.93054717798965492       0.14740156061584939     
 -0.92668149716577797       0.14993989441320277     
 -0.92281581634190091       0.15249262946257117     
 -0.91895013551802396       0.15505731503440839     
 -0.91508445469414701       0.15763143130081322     
 -0.91121877387026995       0.16021241389276339     
 -0.90735309304639300       0.16279768189768887     
 -0.90348741222251605       0.16538466898518542     
 -0.89962173139863899       0.16797085725489339     
 -0.89575605057476204       0.17055381331250055     
 -0.89189036975088509       0.17313122599967343     
 -0.88802468892700814       0.17570094513383591     
 -0.88415900810313108       0.17826102055595355     
 -0.88029332727925413       0.18080974074065637     
 -0.87642764645537719       0.18334567019455952     
 -0.87256196563150012       0.18586768485655683     
 -0.86869628480762318       0.18837500471888244     
 -0.86483060398374623       0.19086722291016350     
 -0.86096492315986917       0.19334433052130565     
 -0.85709924233599222       0.19580673651142433     
 -0.85323356151211527       0.19825528210306401     
 -0.84936788068823821       0.20069124916239231     
 -0.84550219986436126       0.20311636215915743     
 -0.84163651904048431       0.20553278341092718     
 -0.83777083821660736       0.20794310143426306     
 -0.83390515739273030       0.21035031234952248     
 -0.83003947656885335       0.21275779441322223     
 -0.82617379574497640       0.21516927587987744     
 -0.82230811492109934       0.21758879652082427     
 -0.81844243409722239       0.22002066324868744     
 -0.81457675327334544       0.22246940040963606     
 -0.81071107244946838       0.22493969540965600     
 -0.80684539162559143       0.22743634043318670     
 -0.80297971080171449       0.22996417109099904     
 -0.79911402997783754       0.23252800289748457     
 -0.79524834915396048       0.23513256652442213     
 -0.79138266833008353       0.23778244280792291     
 -0.78751698750620658       0.24048199849717497     
 -0.78365130668232952       0.24323532372768664     
 -0.77978562585845257       0.24604617217823843     
 -0.77591994503457562       0.24891790483031792     
 -0.77205426421069856       0.25185343819238654     
 -0.76818858338682161       0.25485519778001819     
 -0.76432290256294455       0.25792507755854660     
 -0.76045722173906771       0.26106440595870989     
 -0.75659154091519065       0.26427391897010383     
 -0.75272586009131359       0.26755374070403670     
 -0.74886017926743675       0.27090337169858636     
 -0.74499449844355969       0.27432168511683647     
 -0.74112881761968263       0.27780693086629688     
 -0.73726313679580580       0.28135674754589524     
 -0.73339745597192874       0.28496818200849861     
 -0.72953177514805190       0.28863771621395129     
 -0.72566609432417484       0.29236130094187923     
 -0.72180041350029778       0.29613439583658080     
 -0.71793473267642094       0.29995201517008685     
 -0.71406905185254388       0.30380877863470385     
 -0.71020337102866682       0.30769896641470379     
 -0.70633769020478998       0.31161657773838708     
 -0.70247200938091292       0.31555539207789185     
 -0.69860632855703586       0.31950903214423038     
 -0.69474064773315902       0.32347102781986836     
 -0.69087496690928196       0.32743488017995764     
 -0.68700928608540490       0.33139412477574054     
 -0.68314360526152806       0.33534239338894556     
 -0.67927792443765100       0.33927347351307902     
 -0.67541224361377394       0.34318136487524997     
 -0.67154656278989711       0.34706033237925549     
 -0.66768088196602005       0.35090495492538482     
 -0.66381520114214299       0.35471016964345048     
 -0.65994952031826615       0.35847131116090575     
 -0.65608383949438909       0.36218414561619755     
 -0.65221815867051203       0.36584489921659058     
 -0.64835247784663519       0.36945028122835122     
 -0.64448679702275813       0.37299750137333576     
 -0.64062111619888129       0.37648428168858161     
 -0.63675543537500423       0.37990886298278620     
 -0.63288975455112717       0.38327000609450340     
 -0.62902407372725033       0.38656698822049046     
 -0.62515839290337327       0.38979959463793895     
 -0.62129271207949621       0.39296810619083339     
 -0.61742703125561937       0.39607328294794408     
 -0.61356135043174231       0.39911634446765837     
 -0.60969566960786525       0.40209894712320504     
 -0.60582998878398842       0.40502315895084012     
 -0.60196430796011136       0.40789143248356502     
 -0.59809862713623430       0.41070657602469757     
 -0.59423294631235746       0.41347172379947872     
 -0.59036726548848040       0.41619030539976892     
 -0.58650158466460334       0.41886601490762798     
 -0.58263590384072650       0.42150278004909469     
 -0.57877022301684944       0.42410473169052659     
 -0.57490454219297238       0.42667617394786128     
 -0.57103886136909554       0.42922155513456228     
 -0.56717318054521848       0.43174543972817125     
 -0.56330749972134142       0.43425248148915219     
 -0.55944181889746458       0.43674739781995398     
 -0.55557613807358752       0.43923494540767605     
 -0.55171045724971068       0.44171989715185089     
 -0.54784477642583362       0.44420702033942699     
 -0.54397909560195656       0.44670105599380594     
 -0.54011341477807973       0.44920669929378110     
 -0.53624773395420267       0.45172858093219537     
 -0.53238205313032561       0.45427124926385848     
 -0.52851637230644877       0.45683915307781836     
 -0.52465069148257171       0.45943662482120062     
 -0.52078501065869465       0.46206786410046408     
 -0.51691932983481781       0.46473692129155469     
 -0.51305364901094075       0.46744768110279722     
 -0.50918796818706369       0.47020384595355169     
 -0.50532228736318685       0.47300891905734505     
 -0.50145660653930979       0.47586618712999246     
 -0.49759092571543273       0.47877870268041689     
 -0.49372524489155589       0.48174926588395700     
 -0.48985956406767883       0.48478040608379908     
 -0.48599388324380177       0.48787436301459564     
 -0.48212820241992493       0.49103306789257484     
 -0.47826252159604787       0.49425812456637014     
 -0.47439684077217081       0.49755079097182786     
 -0.47053115994829398       0.50091196117979719     
 -0.46666547912441692       0.50434214836756719     
 -0.46279979830054008       0.50784146907991545     
 -0.45893411747666302       0.51140962917415222     
 -0.45506843665278596       0.51504591186252713     
 -0.45120275582890912       0.51874916827486950     
 -0.44733707500503206       0.52251781096277461     
 -0.44347139418115500       0.52634981075324139     
 -0.43960571335727816       0.53024269733453233     
 -0.43574003253340110       0.53419356391948536     
 -0.43187435170952404       0.53819907628207631     
 -0.42800867088564720       0.54225548640254384     
 -0.42414299006177014       0.54635865088519542     
 -0.42027730923789308       0.55050405423304472     
 -0.41641162841401624       0.55468683697591437     
 -0.41254594759013918       0.55890182855551063     
 -0.40868026676626212       0.56314358477447091     
 -0.40481458594238529       0.56740642951871278     
 -0.40094890511850823       0.57168450036587815     
 -0.39708322429463117       0.57597179759986916     
 -0.39321754347075433       0.58026223606498528     
 -0.38935186264687727       0.58454969921464395     
 -0.38548618182300021       0.58882809464239561     
 -0.38162050099912337       0.59309141032777568     
 -0.37775482017524631       0.59733377078888805     
 -0.37388913935136947       0.60154949230849930     
 -0.37002345852749241       0.60573313639197202     
 -0.36615777770361535       0.60987956062392823     
 -0.36229209687973851       0.61398396611655659     
 -0.35842641605586145       0.61804194078550834     
 -0.35456073523198439       0.62204949774845819     
 -0.35069505440810755       0.62600310821609373     
 -0.34682937358423049       0.62989972833325869     
 -0.34296369276035343       0.63373681952804606     
 -0.33909801193647660       0.63751236203632933     
 -0.33523233111259954       0.64122486138593482     
 -0.33136665028872248       0.64487334774648120     
 -0.32750096946484564       0.64845736817430966     
 -0.32363528864096858       0.65197697190476678     
 -0.31976960781709152       0.65543268896342788     
 -0.31590392699321468       0.65882550248099991     
 -0.31203824616933762       0.66215681520120051     
 -0.30817256534546056       0.66542841076462067     
 -0.30430688452158372       0.66864241043251327     
 -0.30044120369770666       0.67180122598103253     
 -0.29657552287382960       0.67490750954704237     
 -0.29270984204995276       0.67796410124120987     
 -0.28884416122607570       0.68097397536127002     
 -0.28497848040219886       0.68394018603897999     
 -0.28111279957832180       0.68686581313832418     
 -0.27724711875444474       0.68975390919105506     
 -0.27338143793056791       0.69260744810988162     
 -0.26951575710669085       0.69542927636124507     
 -0.26565007628281379       0.69822206721023927     
 -0.26178439545893695       0.70098827857254464     
 -0.25791871463505989       0.70373011492375115     
 -0.25405303381118283       0.70644949362842868     
 -0.25018735298730599       0.70914801596127186     
 -0.24632167216342893       0.71182694300365901     
 -0.24245599133955187       0.71448717651277449     
 -0.23859031051567503       0.71712924477915585     
 -0.23472462969179797       0.71975329341402017     
 -0.23085894886792091       0.72235908094111834     
 -0.22699326804404407       0.72494597901058799     
 -0.22312758722016701       0.72751297700448336     
 -0.21926190639628995       0.73005869076650964     
 -0.21539622557241311       0.73258137516071398     
 -0.21153054474853605       0.73507894014620201     
 -0.20766486392465899       0.73754897004591780     
 -0.20379918310078216       0.73998874568605055     
 -0.19993350227690510       0.74239526908802567     
 -0.19606782145302803       0.74476529040514095     
 -0.19220214062915120       0.74709533680971663     
 -0.18833645980527414       0.74938174305247063     
 -0.18447077898139730       0.75162068343215371     
 -0.18060509815752024       0.75380820492887612     
 -0.17673941733364318       0.75594026126845293     
 -0.17287373650976634       0.75801274769535898     
 -0.16900805568588928       0.76002153623959257     
 -0.16514237486201222       0.76196251126557890     
 -0.16127669403813538       0.76383160509114112     
 -0.15741101321425832       0.76562483346008825     
 -0.15354533239038126       0.76733833064490486     
 -0.14967965156650442       0.76896838394645550     
 -0.14581397074262736       0.77051146734686482     
 -0.14194828991875030       0.77196427406073875     
 -0.13808260909487347       0.77332374772007184     
 -0.13421692827099641       0.77458711192055429     
 -0.13035124744711934       0.77575189785281351     
 -0.12648556662324251       0.77681596974246181     
 -0.12261988579936545       0.77777754782853481     
 -0.11875420497548839       0.77863522862132750     
 -0.11488852415161155       0.77938800219893001     
 -0.11102284332773449       0.78003526632571929     
 -0.10715716250385743       0.78057683720696736     
 -0.10329148167998059       0.78101295672979765     
  -9.9425800856103530E-002  0.78134429608175238     
  -9.5560120032226692E-002  0.78157195568349691     
  -9.1694439208349632E-002  0.78169746141962326     
  -8.7828758384472572E-002  0.78172275720067630     
  -8.3963077560595734E-002  0.78165019393840407     
  -8.0097396736718673E-002  0.78148251506371968     
  -7.6231715912841613E-002  0.78122283876143117     
  -7.2366035088964775E-002  0.78087463713632965     
  -6.8500354265087715E-002  0.78044171256049000     
  -6.4634673441210655E-002  0.77992817148102800     
  -6.0768992617333817E-002  0.77933839598999488     
  -5.6903311793456757E-002  0.77867701347409224     
  -5.3037630969579697E-002  0.77794886467016244     
  -4.9171950145702858E-002  0.77715897045450477     
  -4.5306269321825798E-002  0.77631249768933863     
  -4.1440588497948738E-002  0.77541472443965975     
  -3.7574907674071900E-002  0.77447100485858944     
  -3.3709226850194840E-002  0.77348673402066492     
  -2.9843546026317780E-002  0.77246731296086968     
  -2.5977865202440942E-002  0.77141811415423278     
  -2.2112184378563882E-002  0.77034444764711030     
  -1.8246503554686822E-002  0.76925152802832464     
  -1.4380822730809983E-002  0.76814444240649182     
  -1.0515141906932923E-002  0.76702811954058037     
  -6.6494610830560852E-003  0.76590730025379328     
  -2.7837802591790251E-003  0.76478650924730884     
   1.0819005646980351E-003  0.76367002842006837     
   4.9475813885748732E-003  0.76256187179365065     
   8.8132622124519333E-003  0.76146576213740014     
   1.2678943036328993E-002  0.76038510938758563     
   1.6544623860205832E-002  0.75932299095555966     
   2.0410304684082892E-002  0.75828213402246025     
   2.4275985507959952E-002  0.75726489992191881     
   2.8141666331836790E-002  0.75627327071616945     
   3.2007347155713850E-002  0.75530883807509486     
   3.5873027979590910E-002  0.75437279457044348     
   3.9738708803467748E-002  0.75346592749888841     
   4.3604389627344808E-002  0.75258861534702082     
   4.7470070451221869E-002  0.75174082700803579     
   5.1335751275098707E-002  0.75092212385399748     
   5.5201432098975767E-002  0.75013166475820070     
   5.9067112922852827E-002  0.74936821414978472     
   6.2932793746729665E-002  0.74863015316670012     
   6.6798474570606725E-002  0.74791549395393309     
   7.0664155394483785E-002  0.74722189713069898     
   7.4529836218360623E-002  0.74654669242463145     
   7.8395517042237683E-002  0.74588690244125810     
   8.2261197866114522E-002  0.74523926950493347     
   8.6126878689991582E-002  0.74460028547217361     
   8.9992559513868642E-002  0.74396622438088433     
   9.3858240337745480E-002  0.74333317775911290     
   9.7723921161622540E-002  0.74269709237568415     
  0.10158960198549960       0.74205381017227101     
  0.10545528280937644       0.74139911007322123     
  0.10932096363325350       0.74072875132583471     
  0.11318664445713056       0.74003851798124876     
  0.11705232528100740       0.73932426408464458     
  0.12091800610488446       0.73858195910466851     
  0.12478368692876152       0.73780773309645609     
  0.12864936775263836       0.73699792106164885     
  0.13251504857651542       0.73614910594311311     
  0.13638072940039248       0.73525815967333241     
  0.14024641022426931       0.73432228168418845     
  0.14411209104814637       0.73333903428355274     
  0.14797777187202343       0.73230637431132561     
  0.15184345269590027       0.73122268050569739     
  0.15570913351977733       0.73008677603928407     
  0.15957481434365439       0.72889794572556132     
  0.16344049516753123       0.72765594744868745     
  0.16730617599140829       0.72636101743358517     
  0.17117185681528513       0.72501386904910670     
  0.17503753763916219       0.72361568492249939     
  0.17890321846303925       0.72216810223927275     
  0.18276889928691609       0.72067319120576556     
  0.18663458011079315       0.71913342676170811     
  0.19050026093467021       0.71755165374456698     
  0.19436594175854705       0.71593104582378331     
  0.19823162258242411       0.71427505863983798     
  0.20209730340630117       0.71258737769678060     
  0.20596298423017800       0.71087186166555294     
  0.20982866505405506       0.70913248185635835     
  0.21369434587793212       0.70737325870882850     
  0.21756002670180896       0.70559819622669151     
  0.22142570752568602       0.70381121534639157     
  0.22529138834956308       0.70201608727550957     
  0.22915706917343992       0.70021636786439290     
  0.23302274999731698       0.69841533408269452     
  0.23688843082119404       0.69661592366028557     
  0.24075411164507110       0.69482067891914689     
  0.24461979246894772       0.69303169576947787     
  0.24848547329282478       0.69125057877007179     
  0.25235115411670184       0.68947840306103447     
  0.25621683494057890       0.68771568386790316     
  0.26008251576445596       0.68596235415217255     
  0.26394819658833302       0.68421775084645098     
  0.26781387741220963       0.68248060996599869     
  0.27167955823608669       0.68074907073492519     
  0.27554523905996375       0.67902068870847565     
  0.27941091988384081       0.67729245771564328     
  0.28327660070771787       0.67556084029235963     
  0.28714228153159493       0.67382180612808729     
  0.29100796235547155       0.67207087791082576     
  0.29487364317934861       0.67030318383044618     
  0.29873932400322567       0.66851351589039310     
  0.30260500482710273       0.66669639308554940     
  0.30647068565097979       0.66484612843123980     
  0.31033636647485641       0.66295689877606390     
  0.31420204729873347       0.66102281630088078     
  0.31806772812261053       0.65903800059741802     
  0.32193340894648759       0.65699665023288678     
  0.32579908977036465       0.65489311274063278     
  0.32966477059424171       0.65272195203011418     
  0.33353045141811832       0.65047801228036106     
  0.33739613224199538       0.64815647746768912     
  0.34126181306587244       0.64575292577827326     
  0.34512749388974950       0.64326337826621616     
  0.34899317471362656       0.64068434123575146     
  0.35285885553750362       0.63801284194836028     
  0.35672453636138024       0.63524645737992236     
  0.36059021718525730       0.63238333587569462     
  0.36445589800913436       0.62942221167007240     
  0.36832157883301142       0.62636241235100987     
  0.37218725965688848       0.62320385945331813     
  0.37605294048076554       0.61994706245951714     
  0.37991862130464216       0.61659310656984778     
  0.38378430212851922       0.61314363467357014     
  0.38764998295239628       0.60960082401117166     
  0.39151566377627334       0.60596735806162016     
  0.39538134460015040       0.60224639422026316     
  0.39924702542402701       0.59844152785219695     
  0.40311270624790407       0.59455675331363922     
  0.40697838707178113       0.59059642253094236     
  0.41084406789565819       0.58656520171506765     
  0.41470974871953525       0.58246802676937015     
  0.41857542954341231       0.57831005792232748     
  0.42244111036728893       0.57409663408551792     
  0.42630679119116599       0.56983322740208253     
  0.43017247201504305       0.56552539841357652     
  0.43403815283892011       0.56117875223416080     
  0.43790383366279717       0.55679889608228905     
  0.44176951448667423       0.55239139848115248     
  0.44563519531055085       0.54796175040193240     
  0.44950087613442791       0.54351532858782314     
  0.45336655695830497       0.53905736126293002     
  0.45723223778218203       0.53459289639811092     
  0.46109791860605909       0.53012677267603803     
  0.46496359942993615       0.52566359326992840     
  0.46882928025381276       0.52120770252452620     
  0.47269496107768982       0.51676316560382374     
  0.47656064190156688       0.51233375114737290     
  0.48042632272544394       0.50792291695599068     
  0.48429200354932100       0.50353379870746251     
  0.48815768437319762       0.49916920168407097     
  0.49202336519707468       0.49483159547553013     
  0.49588904602095174       0.49052311160368833     
  0.49975472684482880       0.48624554399880032     
  0.50362040766870586       0.48200035224120902     
  0.50748608849258292       0.47778866746718679     
  0.51135176931645954       0.47361130082299835     
  0.51521745014033660       0.46946875433739271     
  0.51908313096421366       0.46536123406949148     
  0.52294881178809072       0.46128866537635904     
  0.52681449261196778       0.45725071013259611     
  0.53068017343584484       0.45324678572287785     
  0.53454585425972145       0.44927608561756904     
  0.53841153508359851       0.44533760133131156     
  0.54227721590747557       0.44143014555485904     
  0.54614289673135263       0.43755237624126320     
  0.55000857755522969       0.43370282141922717     
  0.55387425837910675       0.42987990449863428     
  0.55773993920298337       0.42608196982655672     
  0.56160562002686043       0.42230730824632912     
  0.56547130085073749       0.41855418240787784     
  0.56933698167461455       0.41482085157495868     
  0.57320266249849161       0.41110559567422145     
  0.57706834332236823       0.40740673833286756     
  0.58093402414624529       0.40372266865635054     
  0.58479970497012235       0.40005186150553579     
  0.58866538579399941       0.39639289604426126     
  0.59253106661787647       0.39274447234394744     
  0.59639674744175353       0.38910542585170738     
  0.60026242826563014       0.38547473955274281     
  0.60412810908950720       0.38185155368652324     
  0.60799378991338426       0.37823517290933323     
  0.61185947073726132       0.37462507083283736     
  0.61572515156113838       0.37102089190902343     
  0.61959083238501544       0.36742245067545065     
  0.62345651320889206       0.36382972842050298     
  0.62732219403276912       0.36024286737520217     
  0.63118787485664618       0.35666216258511990     
  0.63505355568052324       0.35308805166169666     
  0.63891923650440030       0.34952110265567377     
  0.64278491732827736       0.34596200033493163     
  0.64665059815215398       0.34241153118366907     
  0.65051627897603104       0.33887056746812566     
  0.65438195979990810       0.33534005073504020     
  0.65824764062378516       0.33182097512160247     
  0.66211332144766222       0.32831437085912324     
  0.66597900227153883       0.32482128834654372     
  0.66984468309541589       0.32134278315379095     
  0.67371036391929295       0.31787990228917368     
  0.67757604474317001       0.31443367202954675     
  0.68144172556704707       0.31100508756780487     
  0.68530740639092413       0.30759510468005330     
  0.68917308721480075       0.30420463355608995     
  0.69303876803867781       0.30083453487284278     
  0.69690444886255487       0.29748561812304186     
  0.70077012968643193       0.29415864214245740     
  0.70463581051030899       0.29085431771052356     
  0.70850149133418605       0.28757331203317588     
  0.71236717215806267       0.28431625485526107     
  0.71623285298193973       0.28108374589491852     
  0.72009853380581679       0.27787636324581211     
  0.72396421462969385       0.27469467235646827     
  0.72782989545357091       0.27153923517083106     
  0.73169557627744797       0.26841061900139274     
  0.73556125710132458       0.26530940470675607     
  0.73942693792520164       0.26223619375940321     
  0.74329261874907870       0.25919161381690953     
  0.74715829957295576       0.25617632245017330     
  0.75102398039683282       0.25319100873464745     
  0.75488966122070944       0.25023639247374163     
  0.75875534204458650       0.24731322089577293     
  0.76262102286846356       0.24442226274521486     
  0.76648670369234062       0.24156429977313323     
  0.77035238451621768       0.23874011571826295     
  0.77421806534009474       0.23595048295645765     
  0.77808374616397136       0.23319614707970127     
  0.78194942698784842       0.23047780974375379     
  0.78581510781172548       0.22779611019343088     
  0.78968078863560254       0.22515160593403116     
  0.79354646945947960       0.22254475306462651     
  0.79741215028335666       0.21997588682194036     
  0.80127783110723327       0.21744520290124741     
  0.80514351193111033       0.21495274012206023     
  0.80900919275498739       0.21249836499117369     
  0.81287487357886445       0.21008175868387122     
  0.81674055440274151       0.20770240691654027     
  0.82060623522661857       0.20535959312164073     
  0.82447191605049519       0.20305239526061705     
  0.82833759687437225       0.20077968652388564     
  0.83220327769824931       0.19854014007195442     
  0.83606895852212637       0.19633223787061060     
  0.83993463934600343       0.19415428356895092     
  0.84380032016988005       0.19200441926471279     
  0.84766600099375711       0.18988064590000428     
  0.85153168181763417       0.18778084693500952     
  0.85539736264151123       0.18570281486038515     
  0.85926304346538829       0.18364428003331593     
  0.86312872428926535       0.18160294125982879     
  0.86699440511314196       0.17957649749864668     
  0.87086008593701902       0.17756268003099626     
  0.87472576676089608       0.17555928442712199     
  0.87859144758477314       0.17356420164410055     
  0.88245712840865020       0.17157544761070911     
  0.88632280923252726       0.16959119069274453     
  0.89018849005640388       0.16760977648518269     
  0.89405417088028094       0.16562974944415917     
  0.89791985170415800       0.16364987094997369     
  0.90178553252803506       0.16166913347974513     
  0.90565121335191212       0.15968677066247478     
  0.90951689417578918       0.15770226308731003     
  0.91338257499966580       0.15571533983503580     
  0.91724825582354286       0.15372597580044534     
  0.92111393664741992       0.15173438496669694     
  0.92497961747129698       0.14974100987955180     
  0.92884529829517404       0.14774650764738723     
  0.93271097911905065       0.14575173286021226     
  0.93657665994292771       0.14375771787611649     
  0.94044234076680477       0.14176565096556110     
  0.94430802159068183       0.13977685283201668     
  0.94817370241455889       0.13779275204143160     
  0.95203938323843595       0.13581485989304570     
  0.95590506406231257       0.13384474525069989     
  0.95977074488618963       0.13188400982798504     
  0.96363642571006669       0.12993426438355546     
  0.96750210653394375       0.12799710623618174     
  0.97136778735782081       0.12607409845441761     
  0.97523346818169787       0.12416675101490969     
  0.97909914900557449       0.12227650415838255     
  0.98296482982945155       0.12040471410517069     
  0.98683051065332861       0.11855264122477784     
  0.99069619147720567       0.11672144068821733     
  0.99456187230108273       0.11491215556953914     
  0.99842755312495979       0.11312571230555628     
   1.0022932339488364       0.11136291837167507     
   1.0061589147727135       0.10962446198800735     
   1.0100245955965905       0.10791091363447188     
   1.0138902764204676       0.10622272912688850     
   1.0177559572443446       0.10456025398848486     
   1.0216216380682213       0.10292372884274373     
   1.0254873188920983       0.10131329555390743     
   1.0293529997159754        9.9729003850217671E-002
   1.0332186805398524        9.8170818181427005E-002
   1.0370843613637295        9.6638624585340741E-002
   1.0409500421876066        9.5132237367112391E-002
   1.0448157230114832        9.3651405428509513E-002
   1.0486814038353602        9.2195818121139042E-002
   1.0525470846592373        9.0765110536329796E-002
   1.0564127654831144        8.9358868183694318E-002
   1.0602784463069914        8.7976631048992518E-002
   1.0641441271308685        8.6617897058574991E-002
   1.0680098079547451        8.5282125011192311E-002
   1.0718754887786222        8.3968737067304872E-002
   1.0757411696024992        8.2677120910319285E-002
   1.0796068504263763        8.1406631712678479E-002
   1.0834725312502533        8.0156594051943822E-002
   1.0873382120741304        7.8926303927577879E-002
   1.0912038928980070        7.7715031027966244E-002
   1.0950695737218841        7.6522021389406059E-002
   1.0989352545457611        7.5346500574642442E-002
   1.1028009353696382        7.4187677478546002E-002
   1.1066666161935153        7.3044748843423407E-002
   1.1105322970173919        7.1916904537037432E-002
   1.1143979778412689        7.0803333613727912E-002
   1.1182636586651460        6.9703231144136707E-002
   1.1221293394890230        6.8615805763137763E-002
   1.1259950203129001        6.7540287849881461E-002
   1.1298607011367772        6.6475938219588027E-002
   1.1337263819606538        6.5422057175077417E-002
   1.1375920627845308        6.4377993738102601E-002
   1.1414577436084079        6.3343154857397430E-002
   1.1453234244322850        6.2317014372815276E-002
   1.1491891052561620        6.1299121503757159E-002
   1.1530547860800391        6.0289108625778409E-002
   1.1569204669039157        5.9286698102140781E-002
   1.1607861477277928        5.8291707947252414E-002
   1.1646518285516698        5.7304056116269042E-002
   1.1685175093755469        5.6323763239280358E-002
   1.1723831901994239        5.5350953648911773E-002
   1.1762488710233010        5.4385854586060392E-002
   1.1801145518471776        5.3428793508934987E-002
   1.1839802326710547        5.2480193474475627E-002
   1.1878459134949317        5.1540566607398135E-002
   1.1917115943188088        5.0610505719242208E-002
   1.1955772751426859        4.9690674186584537E-002
   1.1994429559665625        4.8781794242666640E-002
   1.2033086367904395        4.7884633878799994E-002
   1.2071743176143166        4.6999992589833881E-002
   1.2110399984381937        4.6128686230603601E-002
   1.2149056792620707        4.5271531276685081E-002
   1.2187713600859478        4.4429328802181006E-002
   1.2226370409098244        4.3602848499098547E-002
   1.2265027217337015        4.2792813066790295E-002
   1.2303684025575785        4.1999883295795896E-002
   1.2342340833814556        4.1224644158336744E-002
   1.2380997642053326        4.0467592198014109E-002
   1.2419654450292097        3.9729124484460934E-002
   1.2458311258530863        3.9009529365534909E-002
   1.2496968066769634        3.8308979210996297E-002
   1.2535624875008404        3.7627525298524069E-002
   1.2574281683247175        3.6965094946505392E-002
   1.2612938491485945        3.6321490949505389E-002
   1.2651595299724716        3.5696393322899624E-002
   1.2690252107963482        3.5089363314070469E-002
   1.2728908916202253        3.4499849590017208E-002
   1.2767565724441023        3.3927196466320274E-002
   1.2806222532679794        3.3370654001155339E-002
   1.2844879340918565        3.2829389741357920E-002
   1.2883536149157335        3.2302501876144814E-002
   1.2922192957396101        3.1789033528582859E-002
   1.2960849765634872        3.1287987895686549E-002
   1.2999506573873643        3.0798343935362165E-002
   1.3038163382112413        3.0319072292381219E-002
   1.3076820190351184        2.9849151156075948E-002
   1.3115476998589950        2.9387581749273629E-002
   1.3154133806828721        2.8933403160757046E-002
   1.3192790615067491        2.8485706251776884E-002
   1.3231447423306262        2.8043646390265523E-002
   1.3270104231545032        2.7606454793764317E-002
   1.3308761039783803        2.7173448292963844E-002
   1.3347417848022569        2.6744037361434835E-002
   1.3386074656261340        2.6317732292838149E-002
   1.3424731464500110        2.5894147443897019E-002
   1.3463388272738881        2.5473003498958816E-002
   1.3502045080977652        2.5054127749369631E-002
   1.3540701889216422        2.4637452417471065E-002
   1.3579358697455188        2.4223011090195912E-002
   1.3618015505693959        2.3810933360435167E-002
   1.3656672313932730        2.3401437805075302E-002
   1.3695329122171500        2.2994823456425111E-002
   1.3733985930410271        2.2591459948294128E-002
   1.3772642738649041        2.2191776538929037E-002
   1.3811299546887807        2.1796250230108161E-002
   1.3849956355126578        2.1405393214735530E-002
   1.3888613163365349        2.1019739894125714E-002
   1.3927269971604119        2.0639833710739366E-002
   1.3965926779842890        2.0266214042391685E-002
   1.4004583588081656        1.9899403399934127E-002
   1.4043240396320427        1.9539895162190075E-002
   1.4081897204559197        1.9188142069648660E-002
   1.4120554012797968        1.8844545682286468E-002
   1.4159210821036738        1.8509446987159773E-002
   1.4197867629275509        1.8183118318404808E-002
   1.4236524437514275        1.7865756726386951E-002
   1.4275181245753046        1.7557478904383531E-002
   1.4313838053991816        1.7258317750866690E-002
   1.4352494862230587        1.6968220613705901E-002
   1.4391151670469358        1.6687049230023999E-002
   1.4429808478708128        1.6414581342624142E-002
   1.4468465286946894        1.6150513941498496E-002
   1.4507122095185665        1.5894468047577524E-002
   1.4545778903424436        1.5645994926223455E-002
   1.4584435711663206        1.5404583590633221E-002
   1.4623092519901977        1.5169669430885853E-002
   1.4661749328140747        1.4940643783378504E-002
   1.4700406136379514        1.4716864238318797E-002
   1.4739062944618284        1.4497665470166789E-002
   1.4777719752857055        1.4282370367747745E-002
   1.4816376561095825        1.4070301237378896E-002
   1.4855033369334596        1.3860790853858065E-002
   1.4893690177573362        1.3653193140511879E-002
   1.4932346985812133        1.3446893270551249E-002
   1.4971003794050903        1.3241316997463471E-002
   1.5009660602289674        1.3035939041708119E-002
   1.5048317410528445        1.2830290384100244E-002
   1.5086974218767215        1.2623964342389524E-002
   1.5125631027005981        1.2416621336034477E-002
   1.5164287835244752        1.2207992274324446E-002
   1.5202944643483522        1.1997880534077510E-002
   1.5241601451722293        1.1786162524378405E-002
   1.5280258259961064        1.1572786866461937E-002
   1.5318915068199834        1.1357772246157432E-002
   1.5357571876438600        1.1141204023600431E-002
   1.5396228684677371        1.0923229709561206E-002
   1.5434885492916142        1.0704053439189287E-002
   1.5473542301154912        1.0483929591775031E-002
   1.5512199109393683        1.0263155718938842E-002
   1.5550855917632453        1.0042064953240334E-002
   1.5589512725871220        9.8210180744405708E-003
   1.5628169534109990        9.6003954115533186E-003
   1.5666826342348761        9.3805887555076170E-003
   1.5705483150587531        9.1619934499403335E-003
   1.5744139958826302        8.9450008166770279E-003
   1.5782796767065068        8.7299910582538977E-003
   1.5821453575303839        8.5173267628742468E-003
   1.5860110383542609        8.3073471180222236E-003
   1.5898767191781380        8.1003629181536953E-003
   1.5937424000020151        7.8966524300524751E-003
   1.5976080808258921        7.6964581571757704E-003
   1.6014737616497687        7.4999845222022271E-003
   1.6053394424736458        7.3073964655869473E-003
   1.6092051232975229        7.1188189377241699E-003
   1.6130708041213999        6.9343372437590178E-003
   1.6169364849452770        6.7539981835501462E-003
   1.6208021657691540        6.5778119150568526E-003
   1.6246678465930307        6.4057544577235948E-003
   1.6285335274169077        6.2377707433926097E-003
   1.6323992082407848        6.0737781159436854E-003
   1.6362648890646618        5.9136701772122277E-003
   1.6401305698885389        5.7573208756791939E-003
   1.6439962507124160        5.6045887357993006E-003
   1.6478619315362926        5.4553211294277671E-003
   1.6517276123601696        5.3093584963674464E-003
   1.6555932931840467        5.1665384283041326E-003
   1.6594589740079237        5.0266995390223458E-003
   1.6633246548318008        4.8896850534857952E-003
   1.6671903356556774        4.7553460588104519E-003
   1.6710560164795545        4.6235443710518588E-003
   1.6749216973034315        4.4941549827855016E-003
   1.6787873781273086        4.3670680674160979E-003
   1.6826530589511857        4.2421905267763758E-003
   1.6865187397750627        4.1194470786638307E-003
   1.6903844205989393        3.9987808903476267E-003
   1.6942501014228164        3.8801537726214953E-003
   1.6981157822466935        3.7635459565816360E-003
   1.7019814630705705        3.6489554818996774E-003
   1.7058471438944476        3.5363972309013099E-003
   1.7097128247183246        3.4259016472344725E-003
   1.7135785055422013        3.3175131813267859E-003
   1.7174441863660783        3.2112885072173702E-003
   1.7213098671899554        3.1072945567476177E-003
   1.7251755480138324        3.0056064175647368E-003
   1.7290412288377095        2.9063051409992007E-003
   1.7329069096615866        2.8094755046955979E-003
   1.7367725904854632        2.7152037729866298E-003
   1.7406382713093402        2.6235754954854308E-003
   1.7445039521332173        2.5346733813186332E-003
   1.7483696329570944        2.4485752829185225E-003
   1.7522353137809714        2.3653523194267540E-003
   1.7561009946048480        2.2850671656213881E-003
   1.7599666754287251        2.2077725279515928E-003
   1.7638323562526022        2.1335098248362596E-003
   1.7676980370764792        2.0623080839370024E-003
   1.7715637179003563        1.9941830647342519E-003
   1.7754293987242333        1.9291366104927760E-003
   1.7792950795481099        1.8671562296715856E-003
   1.7831607603719870        1.8082149030770357E-003
   1.7870264411958641        1.7522711096335996E-003
   1.7908921220197411        1.6992690606011311E-003
   1.7947578028436182        1.6491391294380406E-003
   1.7986234836674952        1.6017984623215198E-003
   1.8024891644913719        1.5571517526027170E-003
   1.8063548453152489        1.5150921611975579E-003
   1.8102205261391260        1.4755023640817247E-003
   1.8140862069630030        1.4382557076477488E-003
   1.8179518877868801        1.4032174526599675E-003
   1.8218175686107572        1.3702460878653130E-003
   1.8256832494346338        1.3391946949337808E-003
   1.8295489302585108        1.3099123472551486E-003
   1.8334146110823879        1.2822455261482651E-003
   1.8372802919062650        1.2560395391849933E-003
   1.8411459727301420        1.2311399265341619E-003
   1.8450116535540186        1.2073938424364697E-003
   1.8488773343778957        1.1846514000810762E-003
   1.8527430152017728        1.1627669692285858E-003
   1.8566086960256498        1.1416004168828264E-003
   1.8604743768495269        1.1210182821362394E-003
   1.8643400576734039        1.1008948769924158E-003
   1.8682057384972806        1.0811133055077620E-003
   1.8720714193211576        1.0615663940062479E-003
   1.8759371001450347        1.0421575254301607E-003
   1.8798027809689117        1.0228013711270256E-003
   1.8836684617927888        1.0034245135760735E-003
   1.8875341426166659        9.8396595376795009E-004
   1.8913998234405425        9.6437749721179115E-004
   1.8952655042644195        9.4462401289628129E-004
   1.8991311850882966        9.2468356001478144E-004
   1.9029968659121737        9.0454737791242066E-004
   1.9068625467360507        8.8421973555184794E-004
   1.9107282275599278        8.6371763784165358E-004
   1.9145939083838044        8.4307038743551002E-004
   1.9184595892076814        8.2231900208857504E-004
   1.9223252700315585        8.0151548933805276E-004
   1.9261909508554356        7.8072198213407248E-004
   1.9300566316793126        7.6000974105338095E-004
   1.9339223125031892        7.3945803084105846E-004
   1.9377879933270663        7.1915288119758899E-004
   1.9416536741509434        6.9918574390779361E-004
   1.9455193549748204        6.7965206053855875E-004
   1.9493850357986975        6.6064975695722381E-004
   1.9532507166225745        6.4227768278500119E-004
   1.9571163974464512        6.2463401554577636E-004
   1.9609820782703282        6.0781465064954849E-004
   1.9648477590942053        5.9191159941667057E-004
   1.9687134399180823        5.7701141806535674E-004
   1.9725791207419594        5.6319369092006598E-004
   1.9764448015658365        5.5052959102959800E-004
   1.9803104823897131        5.3908054089753449E-004
   1.9841761632135901        5.2889699511926591E-004
   1.9880418440374672        5.2001736539371572E-004
   1.9919075248613443        5.1246710664714235E-004
   1.9957732056852213        5.0625798089302683E-004
   1.9996388865090984        5.0138751298569705E-004
   2.0035045673329748        4.9783864964344571E-004
   2.0073702481568523        4.9557963006353987E-004
   2.0112359289807289        4.9456407317689365E-004
   2.0151016098046064        4.9473128314967351E-004
   2.0189672906284830        4.9600677119262149E-004
   2.0228329714523596        4.9830298814952721E-004
   2.0266986522762371        5.0152025876983876E-004
   2.0305643331001137        5.0554790509384359E-004
   2.0344300139239913        5.1026554305946467E-004
   2.0382956947478679        5.1554453334369250E-004
   2.0421613755717454        5.2124956464307936E-004
   2.0460270563956220        5.2724034513670177E-004
   2.0498927372194986        5.3337337581710461E-004
   2.0537584180433761        5.3950377776862705E-004
   2.0576240988672527        5.4548714435957311E-004
   2.0614897796911302        5.5118138872695685E-004
   2.0653554605150068        5.5644855689189856E-004
   2.0692211413388835        5.6115657736115784E-004
   2.0730868221627610        5.6518091914426231E-004
   2.0769525029866376        5.6840613173288115E-004
   2.0808181838105151        5.7072724272305003E-004
   2.0846838646343917        5.7205099137289691E-004
   2.0885495454582692        5.7229687942811174E-004
   2.0924152262821458        5.7139802395272357E-004
   2.0962809071060224        5.6930180060262676E-004
