   0.00000000       5.00000000    
   9.99999978E-03   5.02503777    
   1.99999996E-02   5.05015039    
   2.99999993E-02   5.07533932    
   3.99999991E-02   5.10060406    
   4.99999970E-02   5.12594509    
   5.99999949E-02   5.15136337    
   6.99999928E-02   5.17685890    
   7.99999908E-02   5.20243216    
   8.99999887E-02   5.22808361    
   9.99999866E-02   5.25381279    
  0.109999985       5.27962160    
  0.119999982       5.30550957    
  0.129999980       5.33147717    
  0.139999986       5.35752439    
  0.149999991       5.38365269    
  0.159999996       5.40986156    
  0.170000002       5.43615150    
  0.180000007       5.46252298    
  0.190000013       5.48897648    
  0.200000018       5.51551247    
  0.210000023       5.54213190    
  0.220000029       5.56883430    
  0.230000034       5.59562016    
  0.240000039       5.62249088    
  0.250000030       5.64944553    
  0.260000020       5.67648506    
  0.270000011       5.70361042    
  0.280000001       5.73082161    
  0.289999992       5.75811863    
  0.299999982       5.78550243    
  0.309999973       5.81297398    
  0.319999963       5.84053230    
  0.329999954       5.86817932    
  0.339999944       5.89591408    
  0.349999934       5.92373848    
  0.359999925       5.95165157    
  0.369999915       5.97965527    
  0.379999906       6.00774860    
  0.389999896       6.03593254    
  0.399999887       6.06420803    
  0.409999877       6.09257507    
  0.419999868       6.12103367    
  0.429999858       6.14958525    
  0.439999849       6.17822981    
  0.449999839       6.20696735    
  0.459999830       6.23579979    
  0.469999820       6.26472569    
  0.479999810       6.29374695    
  0.489999801       6.32286358    
  0.499999791       6.35207558    
  0.509999812       6.38138390    
  0.519999802       6.41078949    
  0.529999793       6.44029236    
  0.539999783       6.46989250    
  0.549999774       6.49959135    
  0.559999764       6.52938843    
  0.569999754       6.55928516    
  0.579999745       6.58928204    
  0.589999735       6.61937809    
  0.599999726       6.64957523    
  0.609999716       6.67987394    
  0.619999707       6.71027470    
  0.629999697       6.74077702    
  0.639999688       6.77138233    
  0.649999678       6.80209112    
  0.659999669       6.83290291    
  0.669999659       6.86382008    
  0.679999650       6.89484119    
  0.689999640       6.92596865    
  0.699999630       6.95720196    
  0.709999621       6.98854065    
  0.719999611       7.01998711    
  0.729999602       7.05154085    
  0.739999592       7.08320236    
  0.749999583       7.11497307    
  0.759999573       7.14685249    
  0.769999564       7.17884159    
  0.779999554       7.21094131    
  0.789999545       7.24315119    
  0.799999535       7.27547264    
  0.809999526       7.30790567    
  0.819999516       7.34045219    
  0.829999506       7.37311077    
  0.839999497       7.40588284    
  0.849999487       7.43876934    
  0.859999478       7.47177124    
  0.869999468       7.50488758    
  0.879999459       7.53812027    
  0.889999449       7.57146883    
  0.899999440       7.60493469    
  0.909999430       7.63851786    
  0.919999421       7.67222023    
  0.929999411       7.70604086    
  0.939999402       7.73998070    
  0.949999392       7.77404070    
  0.959999382       7.80822086    
  0.969999373       7.84252262    
  0.979999363       7.87694645    
  0.989999354       7.91149235    
  0.999999344       7.94616127    
   1.00999939       7.98095465    
   1.01999938       8.01587105    
   1.02999938       8.05091286    
   1.03999937       8.08608055    
   1.04999936       8.12137413    
   1.05999935       8.15679455    
   1.06999934       8.19234276    
   1.07999933       8.22801781    
   1.08999932       8.26382256    
   1.09999931       8.29975700    
   1.10999930       8.33582020    
   1.11999929       8.37201500    
   1.12999928       8.40834045    
   1.13999927       8.44479847    
   1.14999926       8.48138809    
   1.15999925       8.51811218    
   1.16999924       8.55496979    
   1.17999923       8.59196281    
   1.18999922       8.62908936    
   1.19999921       8.66635323    
   1.20999920       8.70375347    
   1.21999919       8.74129105    
   1.22999918       8.77896690    
   1.23999918       8.81678104    
   1.24999917       8.85473442    
   1.25999916       8.89282894    
   1.26999915       8.93106270    
   1.27999914       8.96943855    
   1.28999913       9.00795746    
   1.29999912       9.04661942    
   1.30999911       9.08542347    
   1.31999910       9.12437439    
   1.32999909       9.16346741    
   1.33999908       9.20270920    
   1.34999907       9.24209595    
   1.35999906       9.28162956    
   1.36999905       9.32131195    
   1.37999904       9.36114311    
   1.38999903       9.40112305    
   1.39999902       9.44125366    
   1.40999901       9.48153591    
   1.41999900       9.52196980    
   1.42999899       9.56255531    
   1.43999898       9.60329533    
   1.44999897       9.64418888    
   1.45999897       9.68523788    
   1.46999896       9.72644138    
   1.47999895       9.76780224    
   1.48999894       9.80932045    
   1.49999893       9.85099602    
   1.50999892       9.89282990    
   1.51999891       9.93482399    
   1.52999890       9.97697830    
   1.53999889       10.0192947    
   1.54999888       10.0617714    
   1.55999887       10.1044121    
   1.56999886       10.1472158    
   1.57999885       10.1901846    
   1.58999884       10.2333183    
   1.59999883       10.2766180    
   1.60999882       10.3200846    
   1.61999881       10.3637180    
   1.62999880       10.4075222    
   1.63999879       10.4514942    
   1.64999878       10.4956369    
   1.65999877       10.5399513    
   1.66999876       10.5844364    
   1.67999876       10.6290951    
   1.68999875       10.6739273    
   1.69999874       10.7189350    
   1.70999873       10.7641172    
   1.71999872       10.8094769    
   1.72999871       10.8550119    
   1.73999870       10.9007263    
   1.74999869       10.9466200    
   1.75999868       10.9926929    
   1.76999867       11.0389462    
   1.77999866       11.0853825    
   1.78999865       11.1320009    
   1.79999864       11.1788034    
   1.80999863       11.2257900    
   1.81999862       11.2729607    
   1.82999861       11.3203192    
   1.83999860       11.3678646    
   1.84999859       11.4155979    
   1.85999858       11.4635210    
   1.86999857       11.5116329    
   1.87999856       11.5599365    
   1.88999856       11.6084328    
   1.89999855       11.6571217    
   1.90999854       11.7060051    
   1.91999853       11.7550821    
   1.92999852       11.8043556    
   1.93999851       11.8538256    
   1.94999850       11.9034939    
   1.95999849       11.9533615    
   1.96999848       12.0034275    
   1.97999847       12.0536957    
   1.98999846       12.1041641    
   1.99999845       12.1548386    
   2.00999856       12.2057142    
   2.01999855       12.2567959    
   2.02999854       12.3080826    
   2.03999853       12.3595772    
   2.04999852       12.4112787    
   2.05999851       12.4631891    
   2.06999850       12.5153112    
   2.07999849       12.5676422    
   2.08999848       12.6201878    
   2.09999847       12.6729460    
   2.10999846       12.7259178    
   2.11999846       12.7791042    
   2.12999845       12.8325090    
   2.13999844       12.8861303    
   2.14999843       12.9399710    
   2.15999842       12.9940300    
   2.16999841       13.0483103    
   2.17999840       13.1028128    
   2.18999839       13.1575394    
   2.19999838       13.2124901    
   2.20999837       13.2676640    
   2.21999836       13.3230658    
   2.22999835       13.3786955    
   2.23999834       13.4345531    
   2.24999833       13.4906416    
   2.25999832       13.5469599    
   2.26999831       13.6035109    
   2.27999830       13.6602955    
   2.28999829       13.7173138    
   2.29999828       13.7745686    
   2.30999827       13.8320608    
   2.31999826       13.8897896    
   2.32999825       13.9477577    
   2.33999825       14.0059671    
   2.34999824       14.0644188    
   2.35999823       14.1231117    
   2.36999822       14.1820488    
   2.37999821       14.2412329    
   2.38999820       14.3006630    
   2.39999819       14.3603401    
   2.40999818       14.4202662    
   2.41999817       14.4804430    
   2.42999816       14.5408716    
   2.43999815       14.6015511    
   2.44999814       14.6624870    
   2.45999813       14.7236767    
   2.46999812       14.7851248    
   2.47999811       14.8468285    
   2.48999810       14.9087925    
   2.49999809       14.9710169    
   2.50999808       15.0335035    
   2.51999807       15.0962524    
   2.52999806       15.1592665    
   2.53999805       15.2225447    
   2.54999804       15.2860918    
   2.55999804       15.3499069    
   2.56999803       15.4139910    
   2.57999802       15.4783468    
   2.58999801       15.5429754    
   2.59999800       15.6078758    
   2.60999799       15.6730537    
   2.61999798       15.7385073    
   2.62999797       15.8042393    
   2.63999796       15.8702507    
   2.64999795       15.9365425    
   2.65999794       16.0031166    
   2.66999793       16.0699749    
   2.67999792       16.1371155    
   2.68999791       16.2045441    
   2.69999790       16.2722626    
   2.70999789       16.3402691    
   2.71999788       16.4085655    
   2.72999787       16.4771538    
   2.73999786       16.5460358    
   2.74999785       16.6152153    
   2.75999784       16.6846886    
   2.76999784       16.7544632    
   2.77999783       16.8245354    
   2.78999782       16.8949089    
   2.79999781       16.9655838    
   2.80999780       17.0365639    
   2.81999779       17.1078491    
   2.82999778       17.1794434    
   2.83999777       17.2513447    
   2.84999776       17.3235569    
   2.85999775       17.3960800    
   2.86999774       17.4689178    
   2.87999773       17.5420704    
   2.88999772       17.6155396    
   2.89999771       17.6893272    
   2.90999770       17.7634335    
   2.91999769       17.8378601    
   2.92999768       17.9126129    
   2.93999767       17.9876881    
   2.94999766       18.0630913    
   2.95999765       18.1388187    
   2.96999764       18.2148781    
   2.97999763       18.2912674    
   2.98999763       18.3679924    
   2.99999762       18.4450493    
   3.00999761       18.5224419    
   3.01999760       18.6001740    
   3.02999759       18.6782455    
   3.03999758       18.7566566    
   3.04999757       18.8354111    
   3.05999756       18.9145126    
   3.06999755       18.9939575    
   3.07999754       19.0737514    
   3.08999753       19.1538944    
   3.09999752       19.2343903    
   3.10999751       19.3152390    
   3.11999750       19.3964424    
   3.12999749       19.4780045    
   3.13999748       19.5599251    
   3.14999747       19.6422043    
   3.15999746       19.7248459    
   3.16999745       19.8078537    
   3.17999744       19.8912239    
   3.18999743       19.9749660    
   3.19999743       20.0590763    
   3.20999742       20.1435566    
   3.21999741       20.2284126    
   3.22999740       20.3136425    
   3.23999739       20.3992481    
   3.24999738       20.4852333    
   3.25999737       20.5716019    
   3.26999736       20.6583519    
   3.27999735       20.7454853    
   3.28999734       20.8330059    
   3.29999733       20.9209175    
   3.30999732       21.0092163    
   3.31999731       21.0979080    
   3.32999730       21.1869965    
   3.33999729       21.2764778    
   3.34999728       21.3663597    
   3.35999727       21.4566422    
   3.36999726       21.5473270    
   3.37999725       21.6384163    
   3.38999724       21.7299118    
   3.39999723       21.8218174    
   3.40999722       21.9141312    
   3.41999722       22.0068588    
   3.42999721       22.0999985    
   3.43999720       22.1935577    
   3.44999719       22.2875366    
   3.45999718       22.3819351    
   3.46999717       22.4767570    
   3.47999716       22.5720043    
   3.48999715       22.6676750    
   3.49999714       22.7637787    
   3.50999713       22.8603172    
   3.51999712       22.9572830    
   3.52999711       23.0546894    
   3.53999710       23.1525307    
   3.54999709       23.2508163    
   3.55999708       23.3495407    
   3.56999707       23.4487114    
   3.57999706       23.5483284    
   3.58999705       23.6483955    
   3.59999704       23.7489128    
   3.60999703       23.8498840    
   3.61999702       23.9513111    
   3.62999701       24.0531998    
   3.63999701       24.1555462    
   3.64999700       24.2583542    
   3.65999699       24.3616295    
   3.66999698       24.4653702    
   3.67999697       24.5695839    
   3.68999696       24.6742668    
   3.69999695       24.7794266    
   3.70999694       24.8850632    
   3.71999693       24.9911785    
   3.72999692       25.0977745    
   3.73999691       25.2048569    
   3.74999690       25.3124237    
   3.75999689       25.4204788    
   3.76999688       25.5290279    
   3.77999687       25.6380730    
   3.78999686       25.7476101    
   3.79999685       25.8576488    
   3.80999684       25.9681892    
   3.81999683       26.0792313    
   3.82999682       26.1907806    
   3.83999681       26.3028393    
   3.84999681       26.4154091    
   3.85999680       26.5284958    
   3.86999679       26.6420956    
   3.87999678       26.7562180    
   3.88999677       26.8708572    
   3.89999676       26.9860268    
   3.90999675       27.1017189    
   3.91999674       27.2179432    
   3.92999673       27.3346977    
   3.93999672       27.4519901    
   3.94999671       27.5698204    
   3.95999670       27.6881905    
   3.96999669       27.8071022    
   3.97999668       27.9265633    
   3.98999667       28.0465698    
   3.99999666       28.1671276    
   4.00999689       28.2882423    
   4.01999712       28.4099159    
   4.02999735       28.5321484    
   4.03999758       28.6549454    
   4.04999781       28.7783051    
   4.05999804       28.9022350    
   4.06999826       29.0267353    
   4.07999849       29.1518078    
   4.08999872       29.2774601    
   4.09999895       29.4036884    
   4.10999918       29.5305042    
   4.11999941       29.6578999    
   4.12999964       29.7858887    
   4.13999987       29.9144669    
   4.15000010       30.0436401    
   4.16000032       30.1734104    
   4.17000055       30.3037815    
   4.18000078       30.4347553    
   4.19000101       30.5663357    
   4.20000124       30.6985264    
   4.21000147       30.8313274    
   4.22000170       30.9647446    
   4.23000193       31.0987835    
   4.24000216       31.2334404    
   4.25000238       31.3687229    
   4.26000261       31.5046349    
   4.27000284       31.6411781    
   4.28000307       31.7783546    
   4.29000330       31.9161682    
   4.30000353       32.0546265    
   4.31000376       32.1937218    
   4.32000399       32.3334694    
   4.33000422       32.4738655    
   4.34000444       32.6149178    
   4.35000467       32.7566223    
   4.36000490       32.8989906    
   4.37000513       33.0420189    
   4.38000536       33.1857185    
   4.39000559       33.3300858    
   4.40000582       33.4751244    
   4.41000605       33.6208458    
   4.42000628       33.7672424    
   4.43000650       33.9143219    
   4.44000673       34.0620918    
   4.45000696       34.2105522    
   4.46000719       34.3597069    
   4.47000742       34.5095596    
   4.48000765       34.6601105    
   4.49000788       34.8113670    
   4.50000811       34.9633331    
   4.51000834       35.1160088    
   4.52000856       35.2694016    
   4.53000879       35.4235115    
   4.54000902       35.5783424    
   4.55000925       35.7339020    
   4.56000948       35.8901901    
   4.57000971       36.0472107    
   4.58000994       36.2049713    
   4.59001017       36.3634682    
   4.60001040       36.5227127    
   4.61001062       36.6827049    
   4.62001085       36.8434486    
   4.63001108       37.0049477    
   4.64001131       37.1672058    
   4.65001154       37.3302307    
   4.66001177       37.4940186    
   4.67001200       37.6585770    
   4.68001223       37.8239136    
   4.69001245       37.9900246    
   4.70001268       38.1569214    
   4.71001291       38.3246040    
   4.72001314       38.4930763    
   4.73001337       38.6623459    
   4.74001360       38.8324089    
   4.75001383       39.0032768    
   4.76001406       39.1749496    
   4.77001429       39.3474388    
   4.78001451       39.5207329    
   4.79001474       39.6948509    
   4.80001497       39.8697929    
   4.81001520       40.0455589    
   4.82001543       40.2221565    
   4.83001566       40.3995934    
   4.84001589       40.5778618    
   4.85001612       40.7569809    
   4.86001635       40.9369392    
   4.87001657       41.1177597    
   4.88001680       41.2994270    
   4.89001703       41.4819603    
   4.90001726       41.6653557    
   4.91001749       41.8496246    
   4.92001772       42.0347633    
   4.93001795       42.2207832    
   4.94001818       42.4076805    
   4.95001841       42.5954704    
   4.96001863       42.7841454    
   4.97001886       42.9737206    
   4.98001909       43.1641922    
   4.99001932       43.3555717    
   5.00001955       43.5478592    
   5.01001978       43.7410622    
   5.02002001       43.9351807    
   5.03002024       44.1302223    
   5.04002047       44.3261909    
   5.05002069       44.5230942    
   5.06002092       44.7209320    
   5.07002115       44.9197159    
   5.08002138       45.1194382    
   5.09002161       45.3201218    
   5.10002184       45.5217552    
   5.11002207       45.7243462    
   5.12002230       45.9279060    
   5.13002253       46.1324387    
   5.14002275       46.3379402    
   5.15002298       46.5444260    
   5.16002321       46.7518959    
   5.17002344       46.9603577    
   5.18002367       47.1698112    
   5.19002390       47.3802681    
   5.20002413       47.5917244    
   5.21002436       47.8041992    
   5.22002459       48.0176773    
   5.23002481       48.2321815    
   5.24002504       48.4477119    
   5.25002527       48.6642723    
   5.26002550       48.8818665    
   5.27002573       49.1005058    
   5.28002596       49.3201828    
   5.29002619       49.5409164    
   5.30002642       49.7627029    
   5.31002665       49.9855537    
   5.32002687       50.2094727    
   5.33002710       50.4344597    
   5.34002733       50.6605263    
   5.35002756       50.8876762    
   5.36002779       51.1159134    
   5.37002802       51.3452530    
   5.38002825       51.5756798    
   5.39002848       51.8072166    
   5.40002871       52.0398636    
   5.41002893       52.2736282    
   5.42002916       52.5085106    
   5.43002939       52.7445259    
   5.44002962       52.9816704    
   5.45002985       53.2199554    
   5.46003008       53.4593849    
   5.47003031       53.6999626    
   5.48003054       53.9416962    
   5.49003077       54.1845932    
   5.50003099       54.4286537    
   5.51003122       54.6738892    
   5.52003145       54.9203033    
   5.53003168       55.1679077    
   5.54003191       55.4166946    
   5.55003214       55.6666870    
   5.56003237       55.9178772    
   5.57003260       56.1702805    
   5.58003283       56.4238930    
   5.59003305       56.6787338    
   5.60003328       56.9347954    
   5.61003351       57.1920929    
   5.62003374       57.4506302    
   5.63003397       57.7104149    
   5.64003420       57.9714470    
   5.65003443       58.2337418    
   5.66003466       58.4972954    
   5.67003489       58.7621307    
   5.68003511       59.0282326    
   5.69003534       59.2956238    
   5.70003557       59.5643044    
   5.71003580       59.8342819    
   5.72003603       60.1055603    
   5.73003626       60.3781548    
   5.74003649       60.6520538    
   5.75003672       60.9272881    
   5.76003695       61.2038460    
   5.77003717       61.4817390    
   5.78003740       61.7609749    
   5.79003763       62.0415649    
   5.80003786       62.3235054    
   5.81003809       62.6068115    
   5.82003832       62.8914909    
   5.83003855       63.1775436    
   5.84003878       63.4649811    
   5.85003901       63.7538109    
   5.86003923       64.0440369    
   5.87003946       64.3356628    
   5.88003969       64.6287079    
   5.89003992       64.9231644    
   5.90004015       65.2190552    
   5.91004038       65.5163727    
   5.92004061       65.8151321    
   5.93004084       66.1153412    
   5.94004107       66.4169998    
   5.95004129       66.7201233    
   5.96004152       67.0247192    
   5.97004175       67.3307877    
   5.98004198       67.6383438    
   5.99004221       67.9473877    
   6.00004244       68.2579346    
   6.01004267       68.5699844    
   6.02004290       68.8835449    
   6.03004313       69.1986389    
   6.04004335       69.5152512    
   6.05004358       69.8334045    
   6.06004381       70.1531067    
   6.07004404       70.4743500    
   6.08004427       70.7971649    
   6.09004450       71.1215439    
   6.10004473       71.4474945    
   6.11004496       71.7750320    
   6.12004519       72.1041641    
   6.13004541       72.4348907    
   6.14004564       72.7672272    
   6.15004587       73.1011810    
   6.16004610       73.4367523    
   6.17004633       73.7739639    
   6.18004656       74.1128159    
   6.19004679       74.4533157    
   6.20004702       74.7954712    
   6.21004725       75.1392822    
   6.22004747       75.4847717    
   6.23004770       75.8319473    
   6.24004793       76.1808167    
   6.25004816       76.5313721    
   6.26004839       76.8836441    
   6.27004862       77.2376328    
   6.28004885       77.5933380    
   6.29004908       77.9507828    
   6.30004930       78.3099670    
   6.31004953       78.6709061    
   6.32004976       79.0335999    
   6.33004999       79.3980560    
   6.34005022       79.7642975    
   6.35005045       80.1323242    
   6.36005068       80.5021362    
   6.37005091       80.8737564    
   6.38005114       81.2472000    
   6.39005136       81.6224594    
   6.40005159       81.9995422    
   6.41005182       82.3784637    
   6.42005205       82.7592468    
   6.43005228       83.1418762    
   6.44005251       83.5263824    
   6.45005274       83.9127655    
   6.46005297       84.3010330    
   6.47005320       84.6911926    
   6.48005342       85.0832672    
   6.49005365       85.4772415    
   6.50005388       85.8731537    
   6.51005411       86.2710037    
   6.52005434       86.6707916    
   6.53005457       87.0725250    
   6.54005480       87.4762344    
   6.55005503       87.8819199    
   6.56005526       88.2895813    
   6.57005548       88.6992264    
   6.58005571       89.1108932    
   6.59005594       89.5245667    
   6.60005617       89.9402618    
   6.61005640       90.3579865    
   6.62005663       90.7777634    
   6.63005686       91.1995850    
   6.64005709       91.6234741    
   6.65005732       92.0494385    
   6.66005754       92.4774933    
   6.67005777       92.9076385    
   6.68005800       93.3398895    
   6.69005823       93.7742615    
   6.70005846       94.2107620    
   6.71005869       94.6493912    
   6.72005892       95.0901794    
   6.73005915       95.5331192    
   6.74005938       95.9782257    
   6.75005960       96.4255295    
   6.76005983       96.8750000    
   6.77006006       97.3266983    
   6.78006029       97.7806015    
   6.79006052       98.2367249    
   6.80006075       98.6950836    
   6.81006098       99.1557007    
   6.82006121       99.6185760    
   6.83006144       100.083717    
   6.84006166       100.551132    
   6.85006189       101.020844    
   6.86006212       101.492867    
   6.87006235       101.967201    
   6.88006258       102.443863    
   6.89006281       102.922867    
   6.90006304       103.404213    
   6.91006327       103.887939    
   6.92006350       104.374023    
   6.93006372       104.862495    
   6.94006395       105.353378    
   6.95006418       105.846657    
   6.96006441       106.342361    
   6.97006464       106.840508    
   6.98006487       107.341095    
   6.99006510       107.844147    
   7.00006533       108.349670    
   7.01006556       108.857666    
   7.02006578       109.368172    
   7.03006601       109.881180    
   7.04006624       110.396713    
   7.05006647       110.914772    
   7.06006670       111.435387    
   7.07006693       111.958549    
   7.08006716       112.484299    
   7.09006739       113.012619    
   7.10006762       113.543549    
   7.11006784       114.077095    
   7.12006807       114.613251    
   7.13006830       115.152046    
   7.14006853       115.693497    
   7.15006876       116.237617    
   7.16006899       116.784409    
   7.17006922       117.333878    
   7.18006945       117.886070    
   7.19006968       118.440979    
   7.20006990       118.998611    
   7.21007013       119.558990    
   7.22007036       120.122131    
   7.23007059       120.688042    
   7.24007082       121.256744    
   7.25007105       121.828239    
   7.26007128       122.402550    
   7.27007151       122.979698    
   7.28007174       123.559677    
   7.29007196       124.142517    
   7.30007219       124.728241    
   7.31007242       125.316841    
   7.32007265       125.908340    
   7.33007288       126.502747    
   7.34007311       127.100090    
   7.35007334       127.700386    
   7.36007357       128.303635    
   7.37007380       128.909851    
   7.38007402       129.519073    
   7.39007425       130.131271    
   7.40007448       130.746506    
   7.41007471       131.364777    
   7.42007494       131.986084    
   7.43007517       132.610474    
   7.44007540       133.237930    
   7.45007563       133.868484    
   7.46007586       134.502136    
   7.47007608       135.138931    
   7.48007631       135.778870    
   7.49007654       136.421951    
   7.50007677       137.068222    
   7.51007700       137.717667    
   7.52007723       138.370331    
   7.53007746       139.026215    
   7.54007769       139.685333    
   7.55007792       140.347702    
   7.56007814       141.013336    
   7.57007837       141.682266    
   7.58007860       142.354492    
   7.59007883       143.030045    
   7.60007906       143.708939    
   7.61007929       144.391174    
   7.62007952       145.076782    
   7.63007975       145.765778    
   7.64007998       146.458176    
   7.65008020       147.153992    
   7.66008043       147.853256    
   7.67008066       148.555954    
   7.68008089       149.262146    
   7.69008112       149.971817    
   7.70008135       150.684998    
   7.71008158       151.401718    
   7.72008181       152.121964    
   7.73008204       152.845764    
   7.74008226       153.573166    
   7.75008249       154.304123    
   7.76008272       155.038742    
   7.77008295       155.776962    
   7.78008318       156.518860    
   7.79008341       157.264389    
   7.80008364       158.013626    
   7.81008387       158.766571    
   7.82008410       159.523224    
   7.83008432       160.283646    
   7.84008455       161.047821    
   7.85008478       161.815750    
   7.86008501       162.587524    
   7.87008524       163.363083    
   7.88008547       164.142471    
   7.89008570       164.925751    
   7.90008593       165.712875    
   7.91008615       166.503906    
   7.92008638       167.298859    
   7.93008661       168.097748    
   7.94008684       168.900574    
   7.95008707       169.707397    
   7.96008730       170.518204    
   7.97008753       171.333023    
   7.98008776       172.151871    
   7.99008799       172.974777    
   8.00008774       173.801727    
   8.01008797       174.632812    
   8.02008820       175.467987    
   8.03008842       176.307327    
   8.04008865       177.150818    
   8.05008888       177.998474    
   8.06008911       178.850342    
   8.07008934       179.706421    
   8.08008957       180.566757    
   8.09008980       181.431335    
   8.10009003       182.300201    
   8.11009026       183.173386    
   8.12009048       184.050888    
   8.13009071       184.932739    
   8.14009094       185.818970    
   8.15009117       186.709579    
   8.16009140       187.604614    
   8.17009163       188.504074    
   8.18009186       189.407990    
   8.19009209       190.316406    
   8.20009232       191.229294    
   8.21009254       192.146744    
   8.22009277       193.068726    
   8.23009300       193.995270    
   8.24009323       194.926422    
   8.25009346       195.862183    
   8.26009369       196.802612    
   8.27009392       197.747665    
   8.28009415       198.697433    
   8.29009438       199.651886    
   8.30009460       200.611099    
   8.31009483       201.575043    
   8.32009506       202.543808    
   8.33009529       203.517349    
   8.34009552       204.495728    
   8.35009575       205.478958    
   8.36009598       206.467072    
   8.37009621       207.460083    
   8.38009644       208.458023    
   8.39009666       209.460907    
   8.40009689       210.468781    
   8.41009712       211.481659    
   8.42009735       212.499542    
   8.43009758       213.522507    
   8.44009781       214.550522    
   8.45009804       215.583664    
   8.46009827       216.621918    
   8.47009850       217.665329    
   8.48009872       218.713943    
   8.49009895       219.767731    
   8.50009918       220.826752    
   8.51009941       221.891052    
   8.52009964       222.960632    
   8.53009987       224.035522    
   8.54010010       225.115753    
   8.55010033       226.201340    
   8.56010056       227.292328    
   8.57010078       228.388718    
   8.58010101       229.490570    
   8.59010124       230.597885    
   8.60010147       231.710693    
   8.61010170       232.829056    
   8.62010193       233.952957    
   8.63010216       235.082428    
   8.64010239       236.217545    
   8.65010262       237.358276    
   8.66010284       238.504700    
   8.67010307       239.656784    
   8.68010330       240.814590    
   8.69010353       241.978195    
   8.70010376       243.147537    
   8.71010399       244.322708    
   8.72010422       245.503754    
   8.73010445       246.690628    
   8.74010468       247.883423    
   8.75010490       249.082123    
   8.76010513       250.286804    
   8.77010536       251.497467    
   8.78010559       252.714127    
   8.79010582       253.936859    
   8.80010605       255.165680    
   8.81010628       256.400604    
   8.82010651       257.641632    
   8.83010674       258.888855    
   8.84010696       260.142303    
   8.85010719       261.401978    
   8.86010742       262.667877    
   8.87010765       263.940094    
   8.88010788       265.218658    
   8.89010811       266.503571    
   8.90010834       267.794861    
   8.91010857       269.092560    
   8.92010880       270.396729    
   8.93010902       271.707397    
   8.94010925       273.024597    
   8.95010948       274.348328    
   8.96010971       275.678650    
   8.97010994       277.015594    
   8.98011017       278.359161    
   8.99011040       279.709442    
   9.00011063       281.066467    
   9.01011086       282.430176    
   9.02011108       283.800720    
   9.03011131       285.178070    
   9.04011154       286.562256    
   9.05011177       287.953369    
   9.06011200       289.351379    
   9.07011223       290.756317    
   9.08011246       292.168304    
   9.09011269       293.587311    
   9.10011292       295.013367    
   9.11011314       296.446503    
   9.12011337       297.886810    
   9.13011360       299.334259    
   9.14011383       300.788910    
   9.15011406       302.250854    
   9.16011429       303.720032    
   9.17011452       305.196503    
   9.18011475       306.680359    
   9.19011497       308.171600    
   9.20011520       309.670227    
   9.21011543       311.176361    
   9.22011566       312.690002    
   9.23011589       314.211151    
   9.24011612       315.739899    
   9.25011635       317.276245    
   9.26011658       318.820251    
   9.27011681       320.371918    
   9.28011703       321.931335    
   9.29011726       323.498535    
   9.30011749       325.073486    
   9.31011772       326.656342    
   9.32011795       328.247070    
   9.33011818       329.845703    
   9.34011841       331.452301    
   9.35011864       333.066925    
   9.36011887       334.689545    
   9.37011909       336.320282    
   9.38011932       337.959137    
   9.39011955       339.606140    
   9.40011978       341.261383    
   9.41012001       342.924896    
   9.42012024       344.596619    
   9.43012047       346.276733    
   9.44012070       347.965210    
   9.45012093       349.662079    
   9.46012115       351.367401    
   9.47012138       353.081238    
   9.48012161       354.803619    
   9.49012184       356.534546    
   9.50012207       358.274139    
   9.51012230       360.022400    
   9.52012253       361.779327    
   9.53012276       363.545074    
   9.54012299       365.319611    
   9.55012321       367.102936    
   9.56012344       368.895203    
   9.57012367       370.696442    
   9.58012390       372.506592    
   9.59012413       374.325775    
   9.60012436       376.154053    
   9.61012459       377.991425    
   9.62012482       379.837952    
   9.63012505       381.693695    
   9.64012527       383.558716    
   9.65012550       385.432953    
   9.66012573       387.316620    
   9.67012596       389.209686    
   9.68012619       391.112122    
   9.69012642       393.024078    
   9.70012665       394.945587    
   9.71012688       396.876617    
   9.72012711       398.817322    
   9.73012733       400.767700    
   9.74012756       402.727844    
   9.75012779       404.697693    
   9.76012802       406.677399    
   9.77012825       408.666992    
   9.78012848       410.666473    
   9.79012871       412.675964    
   9.80012894       414.695465    
   9.81012917       416.725006    
   9.82012939       418.764709    
   9.83012962       420.814575    
   9.84012985       422.874664    
   9.85013008       424.945007    
   9.86013031       427.025726    
   9.87013054       429.116791    
   9.88013077       431.218292    
   9.89013100       433.330292    
   9.90013123       435.452820    
   9.91013145       437.585938    
   9.92013168       439.729706    
   9.93013191       441.884155    
   9.94013214       444.049316    
   9.95013237       446.225342    
   9.96013260       448.412231    
   9.97013283       450.609985    
   9.98013306       452.818726    
   9.99013329       455.038513    
   10.0001335       457.269318    
   10.0101337       459.511292    
   10.0201340       461.764496    
   10.0301342       464.028839    
   10.0401344       466.304565    
   10.0501347       468.591644    
   10.0601349       470.890137    
   10.0701351       473.200073    
   10.0801353       475.521545    
   10.0901356       477.854614    
   10.1001358       480.199310    
   10.1101360       482.555725    
   10.1201363       484.923920    
   10.1301365       487.303894    
   10.1401367       489.695770    
   10.1501369       492.099579    
   10.1601372       494.515381    
   10.1701374       496.943237    
   10.1801376       499.383270    
   10.1901379       501.835388    
   10.2001381       504.299805    
   10.2101383       506.776550    
   10.2201385       509.265625    
   10.2301388       511.767151    
   10.2401390       514.281128    
   10.2501392       516.807678    
   10.2601395       519.346863    
   10.2701397       521.898682    
   10.2801399       524.463257    
   10.2901402       527.040710    
   10.3001404       529.630859    
   10.3101406       532.234131    
   10.3201408       534.850281    
   10.3301411       537.479553    
   10.3401413       540.121948    
   10.3501415       542.777527    
   10.3601418       545.446411    
   10.3701420       548.128479    
   10.3801422       550.824036    
   10.3901424       553.533081    
   10.4001427       556.255676    
   10.4101429       558.991821    
   10.4201431       561.741638    
   10.4301434       564.505127    
   10.4401436       567.282532    
   10.4501438       570.073730    
   10.4601440       572.878906    
   10.4701443       575.698120    
   10.4801445       578.531372    
   10.4901447       581.378784    
   10.5001450       584.240356    
   10.5101452       587.116272    
   10.5201454       590.006592    
   10.5301456       592.911316    
   10.5401459       595.830566    
   10.5501461       598.764465    
   10.5601463       601.712830    
   10.5701466       604.676086    
   10.5801468       607.654114    
   10.5901470       610.647034    
   10.6001472       613.654846    
   10.6101475       616.677734    
   10.6201477       619.715698    
   10.6301479       622.768799    
   10.6401482       625.837219    
   10.6501484       628.920898    
   10.6601486       632.020081    
   10.6701488       635.134705    
   10.6801491       638.264954    
   10.6901493       641.410706    
   10.7001495       644.572266    
   10.7101498       647.749634    
   10.7201500       650.942871    
   10.7301502       654.152039    
   10.7401505       657.377258    
   10.7501507       660.618530    
   10.7601509       663.876038    
   10.7701511       667.149902    
   10.7801514       670.440063    
   10.7901516       673.746704    
   10.8001518       677.069885    
   10.8101521       680.409546    
   10.8201523       683.765991    
   10.8301525       687.139160    
   10.8401527       690.529297    
   10.8501530       693.936279    
   10.8601532       697.360291    
   10.8701534       700.801514    
   10.8801537       704.259827    
   10.8901539       707.735474    
   10.9001541       711.228455    
   10.9101543       714.738892    
   10.9201546       718.266968    
   10.9301548       721.812561    
   10.9401550       725.375977    
   10.9501553       728.957092    
   10.9601555       732.556213    
   10.9701557       736.173279    
   10.9801559       739.808411    
   10.9901562       743.461792    
   11.0001564       747.133362    
   11.0101566       750.823303    
   11.0201569       754.531677    
   11.0301571       758.258606    
   11.0401573       762.004211    
   11.0501575       765.768433    
   11.0601578       769.551575    
   11.0701580       773.353577    
   11.0801582       777.174622    
   11.0901585       781.014709    
   11.1001587       784.874084    
   11.1101589       788.752686    
   11.1201591       792.650757    
   11.1301594       796.568176    
   11.1401596       800.505249    
   11.1501598       804.462036    
   11.1601601       808.438599    
   11.1701603       812.435120    
   11.1801605       816.451477    
   11.1901608       820.487976    
   11.2001610       824.544678    
   11.2101612       828.621643    
   11.2201614       832.718994    
   11.2301617       836.836853    
   11.2401619       840.975342    
   11.2501621       845.134460    
   11.2601624       849.314331    
   11.2701626       853.515198    
   11.2801628       857.737061    
   11.2901630       861.980042    
   11.3001633       866.244202    
   11.3101635       870.529724    
   11.3201637       874.836609    
   11.3301640       879.165100    
   11.3401642       883.515198    
   11.3501644       887.887024    
   11.3601646       892.280823    
   11.3701649       896.696533    
   11.3801651       901.134338    
   11.3901653       905.594299    
   11.4001656       910.076538    
   11.4101658       914.581299    
   11.4201660       919.108582    
   11.4301662       923.658447    
   11.4401665       928.231079    
   11.4501667       932.826660    
   11.4601669       937.445007    
   11.4701672       942.086731    
   11.4801674       946.751526    
   11.4901676       951.439636    
   11.5001678       956.151306    
   11.5101681       960.886475    
   11.5201683       965.645264    
   11.5301685       970.427917    
   11.5401688       975.234497    
   11.5501690       980.065125    
   11.5601692       984.919983    
   11.5701694       989.799011    
   11.5801697       994.702515    
   11.5901699       999.630432    
   11.6001701       1004.58307    
   11.6101704       1009.56055    
   11.6201706       1014.56293    
   11.6301708       1019.59033    
   11.6401711       1024.64282    
   11.6501713       1029.72058    
   11.6601715       1034.82385    
   11.6701717       1039.95251    
   11.6801720       1045.10681    
   11.6901722       1050.28699    
   11.7001724       1055.49316    
   11.7101727       1060.72534    
   11.7201729       1065.98364    
   11.7301731       1071.26819    
   11.7401733       1076.57910    
   11.7501736       1081.91687    
   11.7601738       1087.28113    
   11.7701740       1092.67236    
   11.7801743       1098.09045    
   11.7901745       1103.53577    
   11.8001747       1109.00830    
   11.8101749       1114.50806    
   11.8201752       1120.03552    
   11.8301754       1125.59058    
   11.8401756       1131.17346    
   11.8501759       1136.78418    
   11.8601761       1142.42310    
   11.8701763       1148.09009    
   11.8801765       1153.78552    
   11.8901768       1159.50940    
   11.9001770       1165.26208    
   11.9101772       1171.04333    
   11.9201775       1176.85376    
   11.9301777       1182.69312    
   11.9401779       1188.56177    
   11.9501781       1194.45972    
   11.9601784       1200.38708    
   11.9701786       1206.34424    
   11.9801788       1212.33118    
   11.9901791       1218.34802    
   12.0001793       1224.39502    
   12.0101795       1230.47229    
   12.0201797       1236.57996    
   12.0301800       1242.71826    
   12.0401802       1248.88721    
   12.0501804       1255.08704    
   12.0601807       1261.31787    
   12.0701809       1267.57996    
   12.0801811       1273.87341    
   12.0901814       1280.19824    
   12.1001816       1286.55481    
   12.1101818       1292.94324    
   12.1201820       1299.36353    
   12.1301823       1305.81580    
   12.1401825       1312.30054    
   12.1501827       1318.81787    
   12.1601830       1325.36768    
   12.1701832       1331.95032    
   12.1801834       1338.56580    
   12.1901836       1345.21460    
   12.2001839       1351.89648    
   12.2101841       1358.61194    
   12.2201843       1365.36096    
   12.2301846       1372.14355    
   12.2401848       1378.96045    
   12.2501850       1385.81116    
   12.2601852       1392.69629    
   12.2701855       1399.61597    
   12.2801857       1406.57019    
   12.2901859       1413.55920    
   12.3001862       1420.58313    
   12.3101864       1427.64246    
   12.3201866       1434.73694    
   12.3301868       1441.86707    
   12.3401871       1449.03271    
   12.3501873       1456.23438    
   12.3601875       1463.47205    
   12.3701878       1470.74585    
   12.3801880       1478.05615    
   12.3901882       1485.40283    
   12.4001884       1492.78650    
   12.4101887       1500.20715    
   12.4201889       1507.66504    
   12.4301891       1515.16003    
   12.4401894       1522.69275    
   12.4501896       1530.26306    
   12.4601898       1537.87122    
   12.4701900       1545.51746    
   12.4801903       1553.20215    
   12.4901905       1560.92529    
   12.5001907       1568.68701    
   12.5101910       1576.48743    
   12.5201912       1584.32703    
   12.5301914       1592.20593    
   12.5401917       1600.12427    
   12.5501919       1608.08228    
   12.5601921       1616.07996    
   12.5701923       1624.11780    
   12.5801926       1632.19592    
   12.5901928       1640.31445    
   12.6001930       1648.47363    
   12.6101933       1656.67358    
   12.6201935       1664.91467    
   12.6301937       1673.19702    
   12.6401939       1681.52075    
   12.6501942       1689.88623    
   12.6601944       1698.29358    
   12.6701946       1706.74304    
   12.6801949       1715.23486    
   12.6901951       1723.76904    
   12.7001953       1732.34607    
   12.7101955       1740.96606    
   12.7201958       1749.62903    
   12.7301960       1758.33557    
   12.7401962       1767.08557    
   12.7501965       1775.87952    
   12.7601967       1784.71753    
   12.7701969       1793.59937    
   12.7801971       1802.52612    
   12.7901974       1811.49744    
   12.8001976       1820.51367    
   12.8101978       1829.57507    
   12.8201981       1838.68176    
   12.8301983       1847.83423    
   12.8401985       1857.03235    
   12.8501987       1866.27661    
   12.8601990       1875.56726    
   12.8701992       1884.90430    
   12.8801994       1894.28796    
   12.8901997       1903.71887    
   12.9001999       1913.19678    
   12.9102001       1922.72217    
   12.9202003       1932.29541    
   12.9302006       1941.91650    
   12.9402008       1951.58569    
   12.9502010       1961.30359    
   12.9602013       1971.06982    
   12.9702015       1980.88525    
   12.9802017       1990.74963    
   12.9902020       2000.66333    
   13.0002022       2010.62683    
   13.0102024       2020.64026    
   13.0202026       2030.70361    
   13.0302029       2040.81750    
   13.0402031       2050.98218    
   13.0502033       2061.19751    
   13.0602036       2071.46436    
   13.0702038       2081.78223    
   13.0802040       2092.15186    
   13.0902042       2102.57324    
   13.1002045       2113.04712    
   13.1102047       2123.57324    
   13.1202049       2134.15234    
   13.1302052       2144.78442    
   13.1402054       2155.46948    
   13.1502056       2166.20825    
   13.1602058       2177.00049    
   13.1702061       2187.84717    
   13.1802063       2198.74805    
   13.1902065       2209.70361    
   13.2002068       2220.71362    
   13.2102070       2231.77905    
   13.2202072       2242.90015    
   13.2302074       2254.07642    
   13.2402077       2265.30933    
   13.2502079       2276.59814    
   13.2602081       2287.94312    
   13.2702084       2299.34546    
   13.2802086       2310.80469    
   13.2902088       2322.32129    
   13.3002090       2333.89575    
   13.3102093       2345.52783    
   13.3202095       2357.21851    
   13.3302097       2368.96753    
   13.3402100       2380.77539    
   13.3502102       2392.64233    
   13.3602104       2404.56885    
   13.3702106       2416.55493    
   13.3802109       2428.60132    
   13.3902111       2440.70776    
   13.4002113       2452.87500    
   13.4102116       2465.10327    
   13.4202118       2477.39258    
   13.4302120       2489.74390    
   13.4402122       2502.15649    
   13.4502125       2514.63159    
   13.4602127       2527.16895    
   13.4702129       2539.76953    
   13.4802132       2552.43286    
   13.4902134       2565.15967    
   13.5002136       2577.95020    
   13.5102139       2590.80493    
   13.5202141       2603.72388    
   13.5302143       2616.70752    
   13.5402145       2629.75635    
   13.5502148       2642.87036    
   13.5602150       2656.05029    
   13.5702152       2669.29614    
   13.5802155       2682.60840    
   13.5902157       2695.98706    
   13.6002159       2709.43286    
   13.6102161       2722.94604    
   13.6202164       2736.52686    
   13.6302166       2750.17578    
   13.6402168       2763.89307    
   13.6502171       2777.67896    
   13.6602173       2791.53418    
   13.6702175       2805.45874    
   13.6802177       2819.45264    
   13.6902180       2833.51709    
   13.7002182       2847.65186    
   13.7102184       2861.85767    
   13.7202187       2876.13403    
   13.7302189       2890.48242    
   13.7402191       2904.90234    
   13.7502193       2919.39478    
   13.7602196       2933.95947    
   13.7702198       2948.59766    
   13.7802200       2963.30884    
   13.7902203       2978.09375    
   13.8002205       2992.95239    
   13.8102207       3007.88623    
   13.8202209       3022.89429    
   13.8302212       3037.97754    
   13.8402214       3053.13672    
   13.8502216       3068.37134    
   13.8602219       3083.68213    
   13.8702221       3099.07007    
   13.8802223       3114.53516    
   13.8902225       3130.07764    
   13.9002228       3145.69800    
   13.9102230       3161.39648    
   13.9202232       3177.17358    
   13.9302235       3193.02979    
   13.9402237       3208.96558    
   13.9502239       3224.98096    
   13.9602242       3241.07666    
   13.9702244       3257.25317    
   13.9802246       3273.51050    
   13.9902248       3289.84937    
   14.0002251       3306.27002    
   14.0102253       3322.77295    
   14.0202255       3339.35840    
   14.0302258       3356.02734    
   14.0402260       3372.77930    
   14.0502262       3389.61548    
   14.0602264       3406.53589    
   14.0702267       3423.54102    
   14.0802269       3440.63159    
   14.0902271       3457.80762    
   14.1002274       3475.06982    
   14.1102276       3492.41821    
   14.1202278       3509.85352    
   14.1302280       3527.37646    
   14.1402283       3544.98682    
   14.1502285       3562.68579    
   14.1602287       3580.47314    
   14.1702290       3598.34985    
   14.1802292       3616.31616    
   14.1902294       3634.37231    
   14.2002296       3652.51904    
   14.2102299       3670.75635    
   14.2202301       3689.08521    
   14.2302303       3707.50635    
   14.2402306       3726.01929    
   14.2502308       3744.62476    
   14.2602310       3763.32397    
   14.2702312       3782.11670    
   14.2802315       3801.00342    
   14.2902317       3819.98486    
   14.3002319       3839.06128    
   14.3102322       3858.23364    
   14.3202324       3877.50195    
   14.3302326       3896.86646    
   14.3402328       3916.32812    
   14.3502331       3935.88745    
   14.3602333       3955.54443    
   14.3702335       3975.30005    
   14.3802338       3995.15479    
   14.3902340       4015.10913    
   14.4002342       4035.16284    
   14.4102345       4055.31787    
   14.4202347       4075.57324    
   14.4302349       4095.93018    
   14.4402351       4116.38965    
   14.4502354       4136.95117    
   14.4602356       4157.61572    
   14.4702358       4178.38379    
   14.4802361       4199.25586    
   14.4902363       4220.23242    
   14.5002365       4241.31445    
   14.5102367       4262.50195    
   14.5202370       4283.79541    
   14.5302372       4305.19580    
   14.5402374       4326.70312    
   14.5502377       4348.31836    
   14.5602379       4370.04199    
   14.5702381       4391.87500    
   14.5802383       4413.81592    
   14.5902386       4435.86816    
   14.6002388       4458.03027    
   14.6102390       4480.30371    
   14.6202393       4502.68848    
   14.6302395       4525.18555    
   14.6402397       4547.79492    
   14.6502399       4570.51855    
   14.6602402       4593.35498    
   14.6702404       4616.30664    
   14.6802406       4639.37256    
   14.6902409       4662.55469    
   14.7002411       4685.85254    
   14.7102413       4709.26758    
   14.7202415       4732.79980    
   14.7302418       4756.44971    
   14.7402420       4780.21777    
   14.7502422       4804.10498    
   14.7602425       4828.11279    
   14.7702427       4852.24023    
   14.7802429       4876.48926    
   14.7902431       4900.85840    
   14.8002434       4925.35059    
   14.8102436       4949.96533    
   14.8202438       4974.70361    
   14.8302441       4999.56543    
   14.8402443       5024.55225    
   14.8502445       5049.66406    
   14.8602448       5074.90186    
   14.8702450       5100.26562    
   14.8802452       5125.75732    
   14.8902454       5151.37646    
   14.9002457       5177.12354    
   14.9102459       5203.00000    
   14.9202461       5229.00586    
   14.9302464       5255.14160    
   14.9402466       5281.40967    
   14.9502468       5307.80811    
   14.9602470       5334.33984    
   14.9702473       5361.00342    
   14.9802475       5387.80176    
   14.9902477       5414.73291    
   15.0002480       5441.80029    
   15.0102482       5469.00244    
   15.0202484       5496.34131    
   15.0302486       5523.81738    
   15.0402489       5551.43018    
   15.0502491       5579.18262    
   15.0602493       5607.07324    
   15.0702496       5635.10449    
   15.0802498       5663.27490    
   15.0902500       5691.58789    
   15.1002502       5720.04199    
   15.1102505       5748.63916    
   15.1202507       5777.37842    
   15.1302509       5806.26318    
   15.1402512       5835.29199    
   15.1502514       5864.46582    
   15.1602516       5893.78613    
   15.1702518       5923.25391    
   15.1802521       5952.86865    
   15.1902523       5982.63281    
   15.2002525       6012.54443    
   15.2102528       6042.60742    
   15.2202530       6072.82031    
   15.2302532       6103.18506    
   15.2402534       6133.70117    
   15.2502537       6164.37158    
   15.2602539       6195.19434    
   15.2702541       6226.17188    
   15.2802544       6257.30518    
   15.2902546       6288.59375    
   15.3002548       6320.04004    
   15.3102551       6351.64307    
   15.3202553       6383.40527    
   15.3302555       6415.32568    
   15.3402557       6447.40674    
   15.3502560       6479.64795    
   15.3602562       6512.05176    
   15.3702564       6544.61670    
   15.3802567       6577.34570    
   15.3902569       6610.23828    
   15.4002571       6643.29639    
   15.4102573       6676.51904    
   15.4202576       6709.90918    
   15.4302578       6743.46582    
   15.4402580       6777.19092    
   15.4502583       6811.08496    
   15.4602585       6845.14941    
   15.4702587       6879.38379    
   15.4802589       6913.79053    
   15.4902592       6948.36865    
   15.5002594       6983.12109    
   15.5102596       7018.04688    
   15.5202599       7053.14795    
   15.5302601       7088.42529    
   15.5402603       7123.87891    
   15.5502605       7159.51074    
   15.5602608       7195.32031    
   15.5702610       7231.31006    
   15.5802612       7267.47949    
   15.5902615       7303.83105    
   15.6002617       7340.36377    
   15.6102619       7377.08057    
   15.6202621       7413.98047    
   15.6302624       7451.06592    
   15.6402626       7488.33740    
   15.6502628       7525.79541    
   15.6602631       7563.44043    
   15.6702633       7601.27539    
   15.6802635       7639.29883    
   15.6902637       7677.51367    
   15.7002640       7715.91943    
   15.7102642       7754.51758    
   15.7202644       7793.30957    
   15.7302647       7832.29590    
   15.7402649       7871.47754    
   15.7502651       7910.85547    
   15.7602654       7950.43018    
   15.7702656       7990.20410    
   15.7802658       8030.17676    
   15.7902660       8070.34961    
   15.8002663       8110.72461    
   15.8102665       8151.30127    
   15.8202667       8192.08105    
   15.8302670       8233.06641    
   15.8402672       8274.25586    
   15.8502674       8315.65234    
   15.8602676       8357.25684    
   15.8702679       8399.06934    
   15.8802681       8441.09082    
   15.8902683       8483.32324    
   15.9002686       8525.76758    
   15.9102688       8568.42383    
   15.9202690       8611.29492    
   15.9302692       8654.38086    
   15.9402695       8697.68262    
   15.9502697       8741.20020    
   15.9602699       8784.93652    
   15.9702702       8828.89258    
   15.9802704       8873.06836    
   15.9902706       8917.46582    
   16.0002708       8962.08496    
   16.0102711       9006.92871    
   16.0202713       9051.99707    
   16.0302715       9097.29102    
   16.0402718       9142.81152    
   16.0502720       9188.56152    
   16.0602722       9234.54004    
   16.0702724       9280.74902    
   16.0802727       9327.18945    
   16.0902729       9373.86133    
   16.1002731       9420.76953    
   16.1102734       9467.91113    
   16.1202736       9515.28906    
   16.1302738       9562.90527    
   16.1402740       9610.76074    
   16.1502743       9658.85449    
   16.1602745       9707.19043    
   16.1702747       9755.76758    
   16.1802750       9804.58887    
   16.1902752       9853.65430    
   16.2002754       9902.96582    
   16.2102757       9952.52344    
   16.2202759       10002.3311    
   16.2302761       10052.3877    
   16.2402763       10102.6953    
   16.2502766       10153.2549    
   16.2602768       10204.0684    
   16.2702770       10255.1367    
   16.2802773       10306.4600    
   16.2902775       10358.0400    
   16.3002777       10409.8799    
   16.3102779       10461.9795    
   16.3202782       10514.3398    
   16.3302784       10566.9619    
   16.3402786       10619.8486    
   16.3502789       10673.0010    
   16.3602791       10726.4180    
   16.3702793       10780.1045    
   16.3802795       10834.0586    
   16.3902798       10888.2842    
   16.4002800       10942.7803    
   16.4102802       10997.5498    
   16.4202805       11052.5938    
   16.4302807       11107.9160    
   16.4402809       11163.5127    
   16.4502811       11219.3887    
   16.4602814       11275.5449    
   16.4702816       11331.9834    
   16.4802818       11388.7041    
   16.4902821       11445.7080    
   16.5002823       11502.9980    
   16.5102825       11560.5771    
   16.5202827       11618.4424    
   16.5302830       11676.5986    
   16.5402832       11735.0459    
   16.5502834       11793.7861    
   16.5602837       11852.8223    
   16.5702839       11912.1523    
   16.5802841       11971.7812    
   16.5902843       12031.7070    
   16.6002846       12091.9355    
   16.6102848       12152.4648    
   16.6202850       12213.2969    
   16.6302853       12274.4336    
   16.6402855       12335.8789    
   16.6502857       12397.6299    
   16.6602859       12459.6914    
   16.6702862       12522.0635    
   16.6802864       12584.7490    
   16.6902866       12647.7480    
   16.7002869       12711.0625    
   16.7102871       12774.6953    
   16.7202873       12838.6465    
   16.7302876       12902.9180    
   16.7402878       12967.5107    
   16.7502880       13032.4287    
   16.7602882       13097.6719    
   16.7702885       13163.2422    
   16.7802887       13229.1396    
   16.7902889       13295.3682    
   16.8002892       13361.9287    
   16.8102894       13428.8242    
   16.8202896       13496.0537    
   16.8302898       13563.6201    
   16.8402901       13631.5244    
   16.8502903       13699.7705    
   16.8602905       13768.3584    
   16.8702908       13837.2891    
   16.8802910       13906.5654    
   16.8902912       13976.1904    
   16.9002914       14046.1621    
   16.9102917       14116.4854    
   16.9202919       14187.1621    
   16.9302921       14258.1924    
   16.9402924       14329.5791    
   16.9502926       14401.3223    
   16.9602928       14473.4248    
   16.9702930       14545.8916    
   16.9802933       14618.7197    
   16.9902935       14691.9121    
   17.0002937       14765.4727    
   17.0102940       14839.4023    
   17.0202942       14913.7012    
   17.0302944       14988.3721    
   17.0402946       15063.4180    
   17.0502949       15138.8398    
   17.0602951       15214.6406    
   17.0702953       15290.8193    
   17.0802956       15367.3818    
   17.0902958       15444.3271    
   17.1002960       15521.6572    
   17.1102962       15599.3770    
   17.1202965       15677.4844    
   17.1302967       15755.9844    
   17.1402969       15834.8779    
   17.1502972       15914.1660    
   17.1602974       15993.8516    
   17.1702976       16073.9375    
   17.1802979       16154.4248    
   17.1902981       16235.3135    
   17.2002983       16316.6094    
   17.2102985       16398.3125    
   17.2202988       16480.4258    
   17.2302990       16562.9492    
   17.2402992       16645.8867    
   17.2502995       16729.2402    
   17.2602997       16813.0117    
   17.2702999       16897.2012    
   17.2803001       16981.8164    
   17.2903004       17066.8535    
   17.3003006       17152.3164    
   17.3103008       17238.2070    
   17.3203011       17324.5293    
   17.3303013       17411.2832    
   17.3403015       17498.4727    
   17.3503017       17586.0977    
   17.3603020       17674.1641    
   17.3703022       17762.6738    
   17.3803024       17851.6230    
   17.3903027       17941.0195    
   17.4003029       18030.8652    
   17.4103031       18121.1602    
   17.4203033       18211.9062    
   17.4303036       18303.1094    
   17.4403038       18394.7676    
   17.4503040       18486.8887    
   17.4603043       18579.4688    
   17.4703045       18672.5137    
   17.4803047       18766.0234    
   17.4903049       18860.0039    
   17.5003052       18954.4531    
   17.5103054       19049.3770    
   17.5203056       19144.7773    
   17.5303059       19240.6562    
   17.5403061       19337.0137    
   17.5503063       19433.8555    
   17.5603065       19531.1816    
   17.5703068       19628.9961    
   17.5803070       19727.3008    
   17.5903072       19826.0996    
   17.6003075       19925.3906    
   17.6103077       20025.1816    
   17.6203079       20125.4746    
   17.6303082       20226.2676    
   17.6403084       20327.5645    
   17.6503086       20429.3711    
   17.6603088       20531.6875    
   17.6703091       20634.5176    
   17.6803093       20737.8613    
   17.6903095       20841.7246    
   17.7003098       20946.1094    
   17.7103100       21051.0156    
   17.7203102       21156.4473    
   17.7303104       21262.4062    
   17.7403107       21368.8984    
   17.7503109       21475.9238    
   17.7603111       21583.4863    
   17.7703114       21691.5879    
   17.7803116       21800.2324    
   17.7903118       21909.4199    
   17.8003120       22019.1543    
   17.8103123       22129.4375    
   17.8203125       22240.2754    
   17.8303127       22351.6680    
   17.8403130       22463.6191    
   17.8503132       22576.1309    
   17.8603134       22689.2070    
   17.8703136       22802.8516    
   17.8803139       22917.0645    
   17.8903141       23031.8496    
   17.9003143       23147.2090    
   17.9103146       23263.1484    
   17.9203148       23379.6699    
   17.9303150       23496.7734    
   17.9403152       23614.4629    
   17.9503155       23732.7441    
   17.9603157       23851.6191    
   17.9703159       23971.0879    
   17.9803162       24091.1562    
   17.9903164       24211.8262    
   18.0003166       24333.0996    
   18.0103168       24454.9824    
   18.0203171       24577.4766    
   18.0303173       24700.5859    
   18.0403175       24824.3105    
   18.0503178       24948.6543    
   18.0603180       25073.6230    
   18.0703182       25199.2168    
   18.0803185       25325.4395    
   18.0903187       25452.2969    
   18.1003189       25579.7891    
   18.1103191       25707.9199    
   18.1203194       25836.6953    
   18.1303196       25966.1152    
   18.1403198       26096.1816    
   18.1503201       26226.9004    
   18.1603203       26358.2754    
   18.1703205       26490.3086    
   18.1803207       26623.0039    
   18.1903210       26756.3633    
   18.2003212       26890.3945    
   18.2103214       27025.0957    
   18.2203217       27160.4688    
   18.2303219       27296.5254    
   18.2403221       27433.2598    
   18.2503223       27570.6816    
   18.2603226       27708.7910    
   18.2703228       27847.5918    
   18.2803230       27987.0938    
   18.2903233       28127.2910    
   18.3003235       28268.1914    
   18.3103237       28409.7969    
   18.3203239       28552.1113    
   18.3303242       28695.1406    
   18.3403244       28838.8887    
   18.3503246       28983.3555    
   18.3603249       29128.5449    
   18.3703251       29274.4648    
   18.3803253       29421.1172    
   18.3903255       29568.5000    
   18.4003258       29716.6230    
   18.4103260       29865.4902    
   18.4203262       30015.1016    
   18.4303265       30165.4648    
   18.4403267       30316.5820    
   18.4503269       30468.4551    
   18.4603271       30621.0898    
   18.4703274       30774.4902    
   18.4803276       30928.6582    
   18.4903278       31083.5996    
   18.5003281       31239.3184    
   18.5103283       31395.8164    
   18.5203285       31553.0996    
   18.5303288       31711.1738    
   18.5403290       31870.0352    
   18.5503292       32029.6953    
   18.5603294       32190.1562    
   18.5703297       32351.4180    
   18.5803299       32513.4922    
   18.5903301       32676.3770    
   18.6003304       32840.0820    
   18.6103306       33004.5977    
   18.6203308       33169.9492    
   18.6303310       33336.1211    
   18.6403313       33503.1328    
   18.6503315       33670.9766    
   18.6603317       33839.6641    
   18.6703320       34009.1992    
   18.6803322       34179.5781    
   18.6903324       34350.8125    
   18.7003326       34522.9102    
   18.7103329       34695.8672    
   18.7203331       34869.6875    
   18.7303333       35044.3867    
   18.7403336       35219.9570    
   18.7503338       35396.4062    
   18.7603340       35573.7422    
   18.7703342       35751.9648    
   18.7803345       35931.0859    
   18.7903347       36111.0977    
   18.8003349       36292.0156    
   18.8103352       36473.8359    
   18.8203354       36656.5781    
   18.8303356       36840.2305    
   18.8403358       37024.8008    
   18.8503361       37210.2969    
   18.8603363       37396.7227    
   18.8703365       37584.0898    
   18.8803368       37772.3867    
   18.8903370       37961.6328    
   18.9003372       38151.8242    
   18.9103374       38342.9727    
   18.9203377       38535.0742    
   18.9303379       38728.1445    
   18.9403381       38922.1797    
   18.9503384       39117.1836    
   18.9603386       39313.1719    
   18.9703388       39510.1367    
   18.9803391       39708.0938    
   18.9903393       39907.0430    
   19.0003395       40106.9844    
   19.0103397       40307.9336    
   19.0203400       40509.8828    
   19.0303402       40712.8516    
   19.0403404       40916.8320    
   19.0503407       41121.8398    
   19.0603409       41327.8750    
   19.0703411       41534.9375    
   19.0803413       41743.0469    
   19.0903416       41952.1914    
   19.1003418       42162.3867    
   19.1103420       42373.6328    
   19.1203423       42585.9414    
   19.1303425       42799.3164    
   19.1403427       43013.7578    
   19.1503429       43229.2695    
   19.1603432       43445.8672    
   19.1703434       43663.5547    
   19.1803436       43882.3242    
   19.1903439       44102.1953    
   19.2003441       44323.1680    
   19.2103443       44545.2461    
   19.2203445       44768.4375    
   19.2303448       44992.7461    
   19.2403450       45218.1875    
   19.2503452       45444.7539    
   19.2603455       45672.4531    
   19.2703457       45901.2969    
   19.2803459       46131.2852    
   19.2903461       46362.4297    
   19.3003464       46594.7305    
   19.3103466       46828.1953    
   19.3203468       47062.8320    
   19.3303471       47298.6484    
   19.3403473       47535.6367    
   19.3503475       47773.8203    
   19.3603477       48013.1953    
   19.3703480       48253.7734    
   19.3803482       48495.5508    
   19.3903484       48738.5469    
   19.4003487       48982.7578    
   19.4103489       49228.1914    
   19.4203491       49474.8594    
   19.4303493       49722.7578    
   19.4403496       49971.9062    
   19.4503498       50222.2969    
   19.4603500       50473.9453    
   19.4703503       50726.8555    
   19.4803505       50981.0352    
   19.4903507       51236.4844    
   19.5003510       51493.2148    
   19.5103512       51751.2383    
   19.5203514       52010.5508    
   19.5303516       52271.1641    
   19.5403519       52533.0781    
   19.5503521       52796.3125    
   19.5603523       53060.8594    
   19.5703526       53326.7383    
   19.5803528       53593.9492    
   19.5903530       53862.4961    
   19.6003532       54132.3906    
   19.6103535       54403.6367    
   19.6203537       54676.2500    
   19.6303539       54950.2188    
   19.6403542       55225.5664    
   19.6503544       55502.2930    
   19.6603546       55780.4062    
   19.6703548       56059.9180    
   19.6803551       56340.8242    
   19.6903553       56623.1445    
   19.7003555       56906.8750    
   19.7103558       57192.0312    
   19.7203560       57478.6133    
   19.7303562       57766.6328    
   19.7403564       58056.1016    
   19.7503567       58347.0117    
   19.7603569       58639.3906    
   19.7703571       58933.2266    
   19.7803574       59228.5391    
   19.7903576       59525.3281    
   19.8003578       59823.6133    
   19.8103580       60123.3828    
   19.8203583       60424.6602    
   19.8303585       60727.4492    
   19.8403587       61031.7539    
   19.8503590       61337.5859    
   19.8603592       61644.9492    
   19.8703594       61953.8555    
   19.8803596       62264.3047    
   19.8903599       62576.3164    
   19.9003601       62889.8867    
   19.9103603       63205.0273    
   19.9203606       63521.7539    
   19.9303608       63840.0664    
   19.9403610       64159.9727    
   19.9503613       64481.4844    
   19.9603615       64804.6055    
   19.9703617       65129.3477    
   19.9803619       65455.7188    
   19.9903622       65783.7266    
