   0.00000000       5.00000000    
   9.99999978E-03   5.02495003    
   1.99999996E-02   5.04997492    
   2.99999993E-02   5.07507467    
   3.99999991E-02   5.10025024    
   4.99999970E-02   5.12550163    
   5.99999949E-02   5.15082932    
   6.99999928E-02   5.17623329    
   7.99999908E-02   5.20171452    
   8.99999887E-02   5.22727299    
   9.99999866E-02   5.25290918    
  0.109999985       5.27862358    
  0.119999982       5.30441666    
  0.129999980       5.33028889    
  0.139999986       5.35624027    
  0.149999991       5.38227129    
  0.159999996       5.40838242    
  0.170000002       5.43457413    
  0.180000007       5.46084690    
  0.190000013       5.48720121    
  0.200000018       5.51363707    
  0.210000023       5.54015541    
  0.220000029       5.56675625    
  0.230000034       5.59344006    
  0.240000039       5.62020731    
  0.250000030       5.64705849    
  0.260000020       5.67399359    
  0.270000011       5.70101357    
  0.280000001       5.72811842    
  0.289999992       5.75530910    
  0.299999982       5.78258562    
  0.309999973       5.80994844    
  0.319999963       5.83739805    
  0.329999954       5.86493492    
  0.339999944       5.89255953    
  0.349999934       5.92027235    
  0.359999925       5.94807386    
  0.369999915       5.97596407    
  0.379999906       6.00394392    
  0.389999896       6.03201342    
  0.399999887       6.06017351    
  0.409999877       6.08842421    
  0.419999868       6.11676645    
  0.429999858       6.14520025    
  0.439999849       6.17372608    
  0.449999839       6.20234489    
  0.459999830       6.23105669    
  0.469999820       6.25986195    
  0.479999810       6.28876114    
  0.489999801       6.31775475    
  0.499999791       6.34684372    
  0.509999812       6.37602806    
  0.519999802       6.40530825    
  0.529999793       6.43468475    
  0.539999783       6.46415806    
  0.549999774       6.49372864    
  0.559999764       6.52339745    
  0.569999754       6.55316448    
  0.579999745       6.58303022    
  0.589999735       6.61299515    
  0.599999726       6.64306021    
  0.609999716       6.67322540    
  0.619999707       6.70349169    
  0.629999697       6.73385906    
  0.639999688       6.76432848    
  0.649999678       6.79489994    
  0.659999669       6.82557440    
  0.669999659       6.85635233    
  0.679999650       6.88723421    
  0.689999640       6.91822052    
  0.699999630       6.94931173    
  0.709999621       6.98050833    
  0.719999611       7.01181078    
  0.729999602       7.04322004    
  0.739999592       7.07473612    
  0.749999583       7.10635996    
  0.759999573       7.13809156    
  0.769999564       7.16993189    
  0.779999554       7.20188141    
  0.789999545       7.23394060    
  0.799999535       7.26611042    
  0.809999526       7.29839087    
  0.819999516       7.33078289    
  0.829999506       7.36328697    
  0.839999497       7.39590359    
  0.849999487       7.42863321    
  0.859999478       7.46147633    
  0.869999468       7.49443388    
  0.879999459       7.52750587    
  0.889999449       7.56069326    
  0.899999440       7.59399652    
  0.909999430       7.62741661    
  0.919999421       7.66095352    
  0.929999411       7.69460821    
  0.939999402       7.72838116    
  0.949999392       7.76227283    
  0.959999382       7.79628420    
  0.969999373       7.83041573    
  0.979999363       7.86466789    
  0.989999354       7.89904118    
  0.999999344       7.93353653    
   1.00999939       7.96815443    
   1.01999938       8.00289536    
   1.02999938       8.03775978    
   1.03999937       8.07274818    
   1.04999936       8.10786152    
   1.05999935       8.14310074    
   1.06999934       8.17846584    
   1.07999933       8.21395779    
   1.08999932       8.24957752    
   1.09999931       8.28532505    
   1.10999930       8.32120132    
   1.11999929       8.35720730    
   1.12999928       8.39334297    
   1.13999927       8.42960930    
   1.14999926       8.46600723    
   1.15999925       8.50253773    
   1.16999924       8.53920078    
   1.17999923       8.57599640    
   1.18999922       8.61292648    
   1.19999921       8.64999104    
   1.20999920       8.68719101    
   1.21999919       8.72452736    
   1.22999918       8.76200008    
   1.23999918       8.79961014    
   1.24999917       8.83735847    
   1.25999916       8.87524509    
   1.26999915       8.91327095    
   1.27999914       8.95143700    
   1.28999913       8.98974419    
   1.29999912       9.02819252    
   1.30999911       9.06678391    
   1.31999910       9.10551739    
   1.32999909       9.14439487    
   1.33999908       9.18341732    
   1.34999907       9.22258472    
   1.35999906       9.26189804    
   1.36999905       9.30135727    
   1.37999904       9.34096432    
   1.38999903       9.38071918    
   1.39999902       9.42062283    
   1.40999901       9.46067619    
   1.41999900       9.50087929    
   1.42999899       9.54123402    
   1.43999898       9.58174038    
   1.44999897       9.62239933    
   1.45999897       9.66321087    
   1.46999896       9.70417690    
   1.47999895       9.74529743    
   1.48999894       9.78657436    
   1.49999893       9.82800770    
   1.50999892       9.86959743    
   1.51999891       9.91134548    
   1.52999890       9.95325184    
   1.53999889       9.99531841    
   1.54999888       10.0375452    
   1.55999887       10.0799332    
   1.56999886       10.1224833    
   1.57999885       10.1651955    
   1.58999884       10.2080717    
   1.59999883       10.2511120    
   1.60999882       10.2943172    
   1.61999881       10.3376884    
   1.62999880       10.3812265    
   1.63999879       10.4249325    
   1.64999878       10.4688072    
   1.65999877       10.5128517    
   1.66999876       10.5570660    
   1.67999876       10.6014509    
   1.68999875       10.6460085    
   1.69999874       10.6907387    
   1.70999873       10.7356424    
   1.71999872       10.7807207    
   1.72999871       10.8259745    
   1.73999870       10.8714046    
   1.74999869       10.9170113    
   1.75999868       10.9627962    
   1.76999867       11.0087605    
   1.77999866       11.0549040    
   1.78999865       11.1012287    
   1.79999864       11.1477346    
   1.80999863       11.1944237    
   1.81999862       11.2412958    
   1.82999861       11.2883520    
   1.83999860       11.3355942    
   1.84999859       11.3830223    
   1.85999858       11.4306374    
   1.86999857       11.4784403    
   1.87999856       11.5264320    
   1.88999856       11.5746145    
   1.89999855       11.6229877    
   1.90999854       11.6715527    
   1.91999853       11.7203102    
   1.92999852       11.7692614    
   1.93999851       11.8184080    
   1.94999850       11.8677502    
   1.95999849       11.9172888    
   1.96999848       11.9670248    
   1.97999847       12.0169601    
   1.98999846       12.0670948    
   1.99999845       12.1174307    
   2.00999856       12.1679678    
   2.01999855       12.2187080    
   2.02999854       12.2696514    
   2.03999853       12.3207998    
   2.04999852       12.3721542    
   2.05999851       12.4237146    
   2.06999850       12.4754829    
   2.07999849       12.5274601    
   2.08999848       12.5796471    
   2.09999847       12.6320457    
   2.10999846       12.6846561    
   2.11999846       12.7374792    
   2.12999845       12.7905169    
   2.13999844       12.8437691    
   2.14999843       12.8972378    
   2.15999842       12.9509239    
   2.16999841       13.0048285    
   2.17999840       13.0589523    
   2.18999839       13.1132975    
   2.19999838       13.1678638    
   2.20999837       13.2226534    
   2.21999836       13.2776670    
   2.22999835       13.3329058    
   2.23999834       13.3883705    
   2.24999833       13.4440622    
   2.25999832       13.4999828    
   2.26999831       13.5561323    
   2.27999830       13.6125126    
   2.28999829       13.6691256    
   2.29999828       13.7259712    
   2.30999827       13.7830515    
   2.31999826       13.8403664    
   2.32999825       13.8979177    
   2.33999825       13.9557076    
   2.34999824       14.0137358    
   2.35999823       14.0720043    
   2.36999822       14.1305141    
   2.37999821       14.1892672    
   2.38999820       14.2482634    
   2.39999819       14.3075047    
   2.40999818       14.3669920    
   2.41999817       14.4267273    
   2.42999816       14.4867105    
   2.43999815       14.5469437    
   2.44999814       14.6074286    
   2.45999813       14.6681662    
   2.46999812       14.7291574    
   2.47999811       14.7904034    
   2.48999810       14.8519058    
   2.49999809       14.9136658    
   2.50999808       14.9756842    
   2.51999807       15.0379629    
   2.52999806       15.1005030    
   2.53999805       15.1633053    
   2.54999804       15.2263718    
   2.55999804       15.2897034    
   2.56999803       15.3533020    
   2.57999802       15.4171686    
   2.58999801       15.4813042    
   2.59999800       15.5457106    
   2.60999799       15.6103888    
   2.61999798       15.6753407    
   2.62999797       15.7405672    
   2.63999796       15.8060703    
   2.64999795       15.8718510    
   2.65999794       15.9379101    
   2.66999793       16.0042496    
   2.67999792       16.0708714    
   2.68999791       16.1377754    
   2.69999790       16.2049637    
   2.70999789       16.2724380    
   2.71999788       16.3402004    
   2.72999787       16.4082508    
   2.73999786       16.4765930    
   2.74999785       16.5452251    
   2.75999784       16.6141510    
   2.76999784       16.6833725    
   2.77999783       16.7528896    
   2.78999782       16.8227043    
   2.79999781       16.8928185    
   2.80999780       16.9632320    
   2.81999779       17.0339489    
   2.82999778       17.1049690    
   2.83999777       17.1762943    
   2.84999776       17.2479267    
   2.85999775       17.3198662    
   2.86999774       17.3921146    
   2.87999773       17.4646759    
   2.88999772       17.5375500    
   2.89999771       17.6107368    
   2.90999770       17.6842403    
   2.91999769       17.7580624    
   2.92999768       17.8322029    
   2.93999767       17.9066639    
   2.94999766       17.9814472    
   2.95999765       18.0565548    
   2.96999764       18.1319885    
   2.97999763       18.2077484    
   2.98999763       18.2838364    
   2.99999762       18.3602562    
   3.00999761       18.4370079    
   3.01999760       18.5140934    
   3.02999759       18.5915146    
   3.03999758       18.6692715    
   3.04999757       18.7473679    
   3.05999756       18.8258057    
   3.06999755       18.9045849    
   3.07999754       18.9837074    
   3.08999753       19.0631752    
   3.09999752       19.1429920    
   3.10999751       19.2231579    
   3.11999750       19.3036728    
   3.12999749       19.3845406    
   3.13999748       19.4657631    
   3.14999747       19.5473423    
   3.15999746       19.6292782    
   3.16999745       19.7115746    
   3.17999744       19.7942333    
   3.18999743       19.8772545    
   3.19999743       19.9606400    
   3.20999742       20.0443935    
   3.21999741       20.1285152    
   3.22999740       20.2130070    
   3.23999739       20.2978725    
   3.24999738       20.3831120    
   3.25999737       20.4687271    
   3.26999736       20.5547199    
   3.27999735       20.6410942    
   3.28999734       20.7278500    
   3.29999733       20.8149891    
   3.30999732       20.9025135    
   3.31999731       20.9904270    
   3.32999730       21.0787296    
   3.33999729       21.1674232    
   3.34999728       21.2565098    
   3.35999727       21.3459930    
   3.36999726       21.4358730    
   3.37999725       21.5261517    
   3.38999724       21.6168327    
   3.39999723       21.7079163    
   3.40999722       21.7994061    
   3.41999722       21.8913040    
   3.42999721       21.9836102    
   3.43999720       22.0763283    
   3.44999719       22.1694603    
   3.45999718       22.2630081    
   3.46999717       22.3569736    
   3.47999716       22.4513588    
   3.48999715       22.5461655    
   3.49999714       22.6413956    
   3.50999713       22.7370529    
   3.51999712       22.8331375    
   3.52999711       22.9296532    
   3.53999710       23.0266018    
   3.54999709       23.1239853    
   3.55999708       23.2218056    
   3.56999707       23.3200645    
   3.57999706       23.4187641    
   3.58999705       23.5179081    
   3.59999704       23.6174984    
   3.60999703       23.7175350    
   3.61999702       23.8180218    
   3.62999701       23.9189625    
   3.63999701       24.0203571    
   3.64999700       24.1222095    
   3.65999699       24.2245197    
   3.66999698       24.3272915    
   3.67999697       24.4305286    
   3.68999696       24.5342312    
   3.69999695       24.6384029    
   3.70999694       24.7430458    
   3.71999693       24.8481617    
   3.72999692       24.9537525    
   3.73999691       25.0598221    
   3.74999690       25.1663704    
   3.75999689       25.2734032    
   3.76999688       25.3809204    
   3.77999687       25.4889259    
   3.78999686       25.5974197    
   3.79999685       25.7064075    
   3.80999684       25.8158894    
   3.81999683       25.9258690    
   3.82999682       26.0363483    
   3.83999681       26.1473293    
   3.84999681       26.2588158    
   3.85999680       26.3708096    
   3.86999679       26.4833145    
   3.87999678       26.5963306    
   3.88999677       26.7098618    
   3.89999676       26.8239117    
   3.90999675       26.9384804    
   3.91999674       27.0535736    
   3.92999673       27.1691914    
   3.93999672       27.2853374    
   3.94999671       27.4020138    
   3.95999670       27.5192242    
   3.96999669       27.6369705    
   3.97999668       27.7552547    
   3.98999667       27.8740807    
   3.99999666       27.9934502    
   4.00999689       28.1133671    
   4.01999712       28.2338333    
   4.02999735       28.3548527    
   4.03999758       28.4764271    
   4.04999781       28.5985584    
   4.05999804       28.7212505    
   4.06999826       28.8445072    
   4.07999849       28.9683304    
   4.08999872       29.0927219    
   4.09999895       29.2176857    
   4.10999918       29.3432236    
   4.11999941       29.4693394    
   4.12999964       29.5960369    
   4.13999987       29.7233162    
   4.15000010       29.8511829    
   4.16000032       29.9796391    
   4.17000055       30.1086864    
   4.18000078       30.2383289    
   4.19000101       30.3685703    
   4.20000124       30.4994125    
   4.21000147       30.6308594    
   4.22000170       30.7629128    
   4.23000193       30.8955765    
   4.24000216       31.0288544    
   4.25000238       31.1627483    
   4.26000261       31.2972622    
   4.27000284       31.4323978    
   4.28000307       31.5681591    
   4.29000330       31.7045498    
   4.30000353       31.8415718    
   4.31000376       31.9792290    
   4.32000399       32.1175232    
   4.33000422       32.2564621    
   4.34000444       32.3960457    
   4.35000467       32.5362778    
   4.36000490       32.6771584    
   4.37000513       32.8186951    
   4.38000536       32.9608879    
   4.39000559       33.1037407    
   4.40000582       33.2472610    
   4.41000605       33.3914490    
   4.42000628       33.5363045    
   4.43000650       33.6818352    
   4.44000673       33.8280449    
   4.45000696       33.9749336    
   4.46000719       34.1225090    
   4.47000742       34.2707710    
   4.48000765       34.4197235    
   4.49000788       34.5693703    
   4.50000811       34.7197189    
   4.51000834       34.8707657    
   4.52000856       35.0225182    
   4.53000879       35.1749802    
   4.54000902       35.3281555    
   4.55000925       35.4820480    
   4.56000948       35.6366577    
   4.57000971       35.7919922    
   4.58000994       35.9480515    
   4.59001017       36.1048431    
   4.60001040       36.2623672    
   4.61001062       36.4206276    
   4.62001085       36.5796318    
   4.63001108       36.7393799    
   4.64001131       36.8998756    
   4.65001154       37.0611267    
   4.66001177       37.2231331    
   4.67001200       37.3858986    
   4.68001223       37.5494270    
   4.69001245       37.7137222    
   4.70001268       37.8787918    
   4.71001291       38.0446358    
   4.72001314       38.2112579    
   4.73001337       38.3786659    
   4.74001360       38.5468597    
   4.75001383       38.7158432    
   4.76001406       38.8856239    
   4.77001429       39.0562019    
   4.78001451       39.2275810    
   4.79001474       39.3997688    
   4.80001497       39.5727692    
   4.81001520       39.7465820    
   4.82001543       39.9212151    
   4.83001566       40.0966721    
   4.84001589       40.2729568    
   4.85001612       40.4500732    
   4.86001635       40.6280251    
   4.87001657       40.8068161    
   4.88001680       40.9864502    
   4.89001703       41.1669312    
   4.90001726       41.3482666    
   4.91001749       41.5304565    
   4.92001772       41.7135086    
   4.93001795       41.8974266    
   4.94001818       42.0822144    
   4.95001841       42.2678757    
   4.96001863       42.4544144    
   4.97001886       42.6418381    
   4.98001909       42.8301468    
   4.99001932       43.0193481    
   5.00001955       43.2094460    
   5.01001978       43.4004440    
   5.02002001       43.5923462    
   5.03002024       43.7851562    
   5.04002047       43.9788818    
   5.05002069       44.1735268    
   5.06002092       44.3690948    
   5.07002115       44.5655899    
   5.08002138       44.7630196    
   5.09002161       44.9613838    
   5.10002184       45.1606903    
   5.11002207       45.3609428    
   5.12002230       45.5621490    
   5.13002253       45.7643089    
   5.14002275       45.9674301    
   5.15002298       46.1715164    
   5.16002321       46.3765755    
   5.17002344       46.5826073    
   5.18002367       46.7896194    
   5.19002390       46.9976158    
   5.20002413       47.2066040    
   5.21002436       47.4165878    
   5.22002459       47.6275711    
   5.23002481       47.8395576    
   5.24002504       48.0525551    
   5.25002527       48.2665672    
   5.26002550       48.4816017    
   5.27002573       48.6976585    
   5.28002596       48.9147453    
   5.29002619       49.1328697    
   5.30002642       49.3520355    
   5.31002665       49.5722466    
   5.32002687       49.7935066    
   5.33002710       50.0158234    
   5.34002733       50.2392006    
   5.35002756       50.4636459    
   5.36002779       50.6891632    
   5.37002802       50.9157600    
   5.38002825       51.1434402    
   5.39002848       51.3722076    
   5.40002871       51.6020699    
   5.41002893       51.8330307    
   5.42002916       52.0650940    
   5.43002939       52.2982712    
   5.44002962       52.5325623    
   5.45002985       52.7679749    
   5.46003008       53.0045128    
   5.47003031       53.2421837    
   5.48003054       53.4809952    
   5.49003077       53.7209511    
   5.50003099       53.9620552    
   5.51003122       54.2043152    
   5.52003145       54.4477348    
   5.53003168       54.6923218    
   5.54003191       54.9380836    
   5.55003214       55.1850243    
   5.56003237       55.4331474    
   5.57003260       55.6824646    
   5.58003283       55.9329758    
   5.59003305       56.1846924    
   5.60003328       56.4376144    
   5.61003351       56.6917534    
   5.62003374       56.9471130    
   5.63003397       57.2036972    
   5.64003420       57.4615173    
   5.65003443       57.7205734    
   5.66003466       57.9808769    
   5.67003489       58.2424316    
   5.68003511       58.5052452    
   5.69003534       58.7693214    
   5.70003557       59.0346680    
   5.71003580       59.3012924    
   5.72003603       59.5691986    
   5.73003626       59.8383942    
   5.74003649       60.1088867    
   5.75003672       60.3806801    
   5.76003695       60.6537819    
   5.77003717       60.9281998    
   5.78003740       61.2039413    
   5.79003763       61.4810104    
   5.80003786       61.7594147    
   5.81003809       62.0391617    
   5.82003832       62.3202591    
   5.83003855       62.6027107    
   5.84003878       62.8865242    
   5.85003901       63.1717072    
   5.86003923       63.4582672    
   5.87003946       63.7462082    
   5.88003969       64.0355377    
   5.89003992       64.3262634    
   5.90004015       64.6183929    
   5.91004038       64.9119339    
   5.92004061       65.2068939    
   5.93004084       65.5032806    
   5.94004107       65.8010941    
   5.95004129       66.1003494    
   5.96004152       66.4010544    
   5.97004175       66.7032089    
   5.98004198       67.0068283    
   5.99004221       67.3119125    
   6.00004244       67.6184692    
   6.01004267       67.9265137    
   6.02004290       68.2360458    
   6.03004313       68.5470734    
   6.04004335       68.8596115    
   6.05004358       69.1736603    
   6.06004381       69.4892273    
   6.07004404       69.8063202    
   6.08004427       70.1249542    
   6.09004450       70.4451294    
   6.10004473       70.7668533    
   6.11004496       71.0901337    
   6.12004519       71.4149857    
   6.13004541       71.7414093    
   6.14004564       72.0694199    
   6.15004587       72.3990173    
   6.16004610       72.7302094    
   6.17004633       73.0630112    
   6.18004656       73.3974228    
   6.19004679       73.7334595    
   6.20004702       74.0711288    
   6.21004725       74.4104309    
   6.22004747       74.7513809    
   6.23004770       75.0939865    
   6.24004793       75.4382553    
   6.25004816       75.7841949    
   6.26004839       76.1318130    
   6.27004862       76.4811249    
   6.28004885       76.8321304    
   6.29004908       77.1848373    
   6.30004930       77.5392609    
   6.31004953       77.8954086    
   6.32004976       78.2532883    
   6.33004999       78.6129074    
   6.34005022       78.9742737    
   6.35005045       79.3373947    
   6.36005068       79.7022781    
   6.37005091       80.0689392    
   6.38005114       80.4373856    
   6.39005136       80.8076248    
   6.40005159       81.1796646    
   6.41005182       81.5535126    
   6.42005205       81.9291763    
   6.43005228       82.3066711    
   6.44005251       82.6860046    
   6.45005274       83.0671844    
   6.46005297       83.4502182    
   6.47005320       83.8351212    
   6.48005342       84.2218933    
   6.49005365       84.6105499    
   6.50005388       85.0010986    
   6.51005411       85.3935547    
   6.52005434       85.7879257    
   6.53005457       86.1842117    
   6.54005480       86.5824356    
   6.55005503       86.9825974    
   6.56005526       87.3847122    
   6.57005548       87.7887878    
   6.58005571       88.1948318    
   6.59005594       88.6028595    
   6.60005617       89.0128708    
   6.61005640       89.4248886    
   6.62005663       89.8389130    
   6.63005686       90.2549591    
   6.64005709       90.6730347    
   6.65005732       91.0931473    
   6.66005754       91.5153122    
   6.67005777       91.9395370    
   6.68005800       92.3658371    
   6.69005823       92.7942123    
   6.70005846       93.2246857    
   6.71005869       93.6572571    
   6.72005892       94.0919418    
   6.73005915       94.5287476    
   6.74005938       94.9676895    
   6.75005960       95.4087753    
   6.76005983       95.8520203    
   6.77006006       96.2974319    
   6.78006029       96.7450180    
   6.79006052       97.1947937    
   6.80006075       97.6467667    
   6.81006098       98.1009521    
   6.82006121       98.5573578    
   6.83006144       99.0159912    
   6.84006166       99.4768677    
   6.85006189       99.9400024    
   6.86006212       100.405403    
   6.87006235       100.873077    
   6.88006258       101.343040    
   6.89006281       101.815308    
   6.90006304       102.289886    
   6.91006327       102.766785    
   6.92006350       103.246017    
   6.93006372       103.727600    
   6.94006395       104.211540    
   6.95006418       104.697845    
   6.96006441       105.186531    
   6.97006464       105.677612    
   6.98006487       106.171097    
   6.99006510       106.667000    
   7.00006533       107.165337    
   7.01006556       107.666115    
   7.02006578       108.169342    
   7.03006601       108.675041    
   7.04006624       109.183212    
   7.05006647       109.693878    
   7.06006670       110.207047    
   7.07006693       110.722733    
   7.08006716       111.240944    
   7.09006739       111.761696    
   7.10006762       112.285004    
   7.11006784       112.810875    
   7.12006807       113.339333    
   7.13006830       113.870377    
   7.14006853       114.404030    
   7.15006876       114.940300    
   7.16006899       115.479202    
   7.17006922       116.020744    
   7.18006945       116.564949    
   7.19006968       117.111824    
   7.20006990       117.661385    
   7.21007013       118.213638    
   7.22007036       118.768608    
   7.23007059       119.326302    
   7.24007082       119.886734    
   7.25007105       120.449921    
   7.26007128       121.015869    
   7.27007151       121.584595    
   7.28007174       122.156120    
   7.29007196       122.730453    
   7.30007219       123.307602    
   7.31007242       123.887589    
   7.32007265       124.470428    
   7.33007288       125.056129    
   7.34007311       125.644707    
   7.35007334       126.236183    
   7.36007357       126.830566    
   7.37007380       127.427872    
   7.38007402       128.028107    
   7.39007425       128.631302    
   7.40007448       129.237457    
   7.41007471       129.846588    
   7.42007494       130.458725    
   7.43007517       131.073868    
   7.44007540       131.692032    
   7.45007563       132.313248    
   7.46007586       132.937515    
   7.47007608       133.564850    
   7.48007631       134.195267    
   7.49007654       134.828796    
   7.50007677       135.465439    
   7.51007700       136.105209    
   7.52007723       136.748138    
   7.53007746       137.394226    
   7.54007769       138.043503    
   7.55007792       138.695969    
   7.56007814       139.351654    
   7.57007837       140.010559    
   7.58007860       140.672714    
   7.59007883       141.338135    
   7.60007906       142.006821    
   7.61007929       142.678802    
   7.62007952       143.354095    
   7.63007975       144.032715    
   7.64007998       144.714676    
   7.65008020       145.399994    
   7.66008043       146.088699    
   7.67008066       146.780792    
   7.68008089       147.476303    
   7.69008112       148.175232    
   7.70008135       148.877609    
   7.71008158       149.583450    
   7.72008181       150.292770    
   7.73008204       151.005585    
   7.74008226       151.721909    
   7.75008249       152.441772    
   7.76008272       153.165176    
   7.77008295       153.892151    
   7.78008318       154.622711    
   7.79008341       155.356873    
   7.80008364       156.094650    
   7.81008387       156.836075    
   7.82008410       157.581161    
   7.83008432       158.329910    
   7.84008455       159.082367    
   7.85008478       159.838531    
   7.86008501       160.598419    
   7.87008524       161.362061    
   7.88008547       162.129471    
   7.89008570       162.900665    
   7.90008593       163.675674    
   7.91008615       164.454498    
   7.92008638       165.237167    
   7.93008661       166.023697    
   7.94008684       166.814117    
   7.95008707       167.608444    
   7.96008730       168.406693    
   7.97008753       169.208878    
   7.98008776       170.015015    
   7.99008799       170.825134    
   8.00008774       171.639267    
   8.01008797       172.457413    
   8.02008820       173.279602    
   8.03008842       174.105850    
   8.04008865       174.936172    
   8.05008888       175.770599    
   8.06008911       176.609146    
   8.07008934       177.451843    
   8.08008957       178.298706    
   8.09008980       179.149750    
   8.10009003       180.005005    
   8.11009026       180.864487    
   8.12009048       181.728210    
   8.13009071       182.596207    
   8.14009094       183.468491    
   8.15009117       184.345078    
   8.16009140       185.225998    
   8.17009163       186.111282    
   8.18009186       187.000931    
   8.19009209       187.894989    
   8.20009232       188.793457    
   8.21009254       189.696381    
   8.22009277       190.603760    
   8.23009300       191.515625    
   8.24009323       192.432007    
   8.25009346       193.352921    
   8.26009369       194.278381    
   8.27009392       195.208420    
   8.28009415       196.143066    
   8.29009438       197.082336    
   8.30009460       198.026245    
   8.31009483       198.974823    
   8.32009506       199.928101    
   8.33009529       200.886093    
   8.34009552       201.848816    
   8.35009575       202.816315    
   8.36009598       203.788589    
   8.37009621       204.765686    
   8.38009644       205.747620    
   8.39009666       206.734406    
   8.40009689       207.726074    
   8.41009712       208.722656    
   8.42009735       209.724167    
   8.43009758       210.730637    
   8.44009781       211.742096    
   8.45009804       212.758560    
   8.46009827       213.780060    
   8.47009850       214.806610    
   8.48009872       215.838242    
   8.49009895       216.874985    
   8.50009918       217.916855    
   8.51009941       218.963882    
   8.52009964       220.016098    
   8.53009987       221.073532    
   8.54010010       222.136200    
   8.55010033       223.204132    
   8.56010056       224.277359    
   8.57010078       225.355896    
   8.58010101       226.439774    
   8.59010124       227.529022    
   8.60010147       228.623672    
   8.61010170       229.723740    
   8.62010193       230.829254    
   8.63010216       231.940247    
   8.64010239       233.056747    
   8.65010262       234.178787    
   8.66010284       235.306381    
   8.67010307       236.439560    
   8.68010330       237.578354    
   8.69010353       238.722794    
   8.70010376       239.872910    
   8.71010399       241.028717    
   8.72010422       242.190262    
   8.73010445       243.357559    
   8.74010468       244.530640    
   8.75010490       245.709549    
   8.76010513       246.894302    
   8.77010536       248.084930    
   8.78010559       249.281448    
   8.79010582       250.483902    
   8.80010605       251.692322    
   8.81010628       252.906738    
   8.82010651       254.127167    
   8.83010674       255.353653    
   8.84010696       256.586212    
   8.85010719       257.824890    
   8.86010742       259.069702    
   8.87010765       260.320709    
   8.88010788       261.577911    
   8.89010811       262.841339    
   8.90010834       264.111053    
   8.91010857       265.387054    
   8.92010880       266.669403    
   8.93010902       267.958099    
   8.94010925       269.253204    
   8.95010948       270.554718    
   8.96010971       271.862701    
   8.97010994       273.177155    
   8.98011017       274.498138    
   8.99011040       275.825684    
   9.00011063       277.159821    
   9.01011086       278.500580    
   9.02011108       279.847992    
   9.03011131       281.202087    
   9.04011154       282.562897    
   9.05011177       283.930450    
   9.06011200       285.304810    
   9.07011223       286.685974    
   9.08011246       288.074005    
   9.09011269       289.468933    
   9.10011292       290.870789    
   9.11011314       292.279602    
   9.12011337       293.695404    
   9.13011360       295.118225    
   9.14011383       296.548126    
   9.15011406       297.985107    
   9.16011429       299.429230    
   9.17011452       300.880524    
   9.18011475       302.339020    
   9.19011497       303.804779    
   9.20011520       305.277802    
   9.21011543       306.758148    
   9.22011566       308.245850    
   9.23011589       309.740936    
   9.24011612       311.243439    
   9.25011635       312.753418    
   9.26011658       314.270874    
   9.27011681       315.795868    
   9.28011703       317.328461    
   9.29011726       318.868652    
   9.30011749       320.416504    
   9.31011772       321.972046    
   9.32011795       323.535309    
   9.33011818       325.106323    
   9.34011841       326.685150    
   9.35011864       328.271820    
   9.36011887       329.866364    
   9.37011909       331.468842    
   9.38011932       333.079285    
   9.39011955       334.697723    
   9.40011978       336.324219    
   9.41012001       337.958801    
   9.42012024       339.601501    
   9.43012047       341.252350    
   9.44012070       342.911407    
   9.45012093       344.578705    
   9.46012115       346.254303    
   9.47012138       347.938232    
   9.48012161       349.630524    
   9.49012184       351.331238    
   9.50012207       353.040405    
   9.51012230       354.758057    
   9.52012253       356.484253    
   9.53012276       358.219025    
   9.54012299       359.962433    
   9.55012321       361.714508    
   9.56012344       363.475281    
   9.57012367       365.244812    
   9.58012390       367.023132    
   9.59012413       368.810303    
   9.60012436       370.606354    
   9.61012459       372.411346    
   9.62012482       374.225311    
   9.63012505       376.048279    
   9.64012527       377.880310    
   9.65012550       379.721466    
   9.66012573       381.571777    
   9.67012596       383.431274    
   9.68012619       385.300018    
   9.69012642       387.178070    
   9.70012665       389.065460    
   9.71012688       390.962250    
   9.72012711       392.868469    
   9.73012733       394.784149    
   9.74012756       396.709381    
   9.75012779       398.644165    
   9.76012802       400.588593    
   9.77012825       402.542694    
   9.78012848       404.506500    
   9.79012871       406.480072    
   9.80012894       408.463470    
   9.81012917       410.456726    
   9.82012939       412.459900    
   9.83012962       414.473053    
   9.84012985       416.496216    
   9.85013008       418.529449    
   9.86013031       420.572784    
   9.87013054       422.626312    
   9.88013077       424.690033    
   9.89013100       426.764038    
   9.90013123       428.848358    
   9.91013145       430.943054    
   9.92013168       433.048157    
   9.93013191       435.163757    
   9.94013214       437.289886    
   9.95013237       439.426575    
   9.96013260       441.573914    
   9.97013283       443.731934    
   9.98013306       445.900696    
   9.99013329       448.080261    
   10.0001335       450.270660    
   10.0101337       452.471954    
   10.0201340       454.684204    
   10.0301342       456.907471    
   10.0401344       459.141815    
   10.0501347       461.387268    
   10.0601349       463.643890    
   10.0701351       465.911774    
   10.0801353       468.190918    
   10.0901356       470.481415    
   10.1001358       472.783325    
   10.1101360       475.096680    
   10.1201363       477.421570    
   10.1301365       479.758026    
   10.1401367       482.106110    
   10.1501369       484.465881    
   10.1601372       486.837402    
   10.1701374       489.220734    
   10.1801376       491.615936    
   10.1901379       494.023071    
   10.2001381       496.442200    
   10.2101383       498.873352    
   10.2201385       501.316620    
   10.2301388       503.772064    
   10.2401390       506.239716    
   10.2501392       508.719666    
   10.2601395       511.211975    
   10.2701397       513.716675    
   10.2801399       516.233887    
   10.2901402       518.763611    
   10.3001404       521.305908    
   10.3101406       523.860901    
   10.3201408       526.428589    
   10.3301411       529.009094    
   10.3401413       531.602417    
   10.3501415       534.208679    
   10.3601418       536.827942    
   10.3701420       539.460205    
   10.3801422       542.105591    
   10.3901424       544.764160    
   10.4001427       547.435974    
   10.4101429       550.121094    
   10.4201431       552.819580    
   10.4301434       555.531555    
   10.4401436       558.257019    
   10.4501438       560.996033    
   10.4601440       563.748718    
   10.4701443       566.515137    
   10.4801445       569.295288    
   10.4901447       572.089294    
   10.5001450       574.897217    
   10.5101452       577.719177    
   10.5201454       580.555176    
   10.5301456       583.405273    
   10.5401459       586.269592    
   10.5501461       589.148193    
   10.5601463       592.041138    
   10.5701466       594.948486    
   10.5801468       597.870300    
   10.5901470       600.806702    
   10.6001472       603.757751    
   10.6101475       606.723511    
   10.6201477       609.704041    
   10.6301479       612.699402    
   10.6401482       615.709717    
   10.6501484       618.734985    
   10.6601486       621.775330    
   10.6701488       624.830872    
   10.6801491       627.901611    
   10.6901493       630.987671    
   10.7001495       634.089111    
   10.7101498       637.205994    
   10.7201500       640.338440    
   10.7301502       643.486511    
   10.7401505       646.650269    
   10.7501507       649.829773    
   10.7601509       653.025146    
   10.7701511       656.236450    
   10.7801514       659.463745    
   10.7901516       662.707092    
   10.8001518       665.966614    
   10.8101521       669.242371    
   10.8201523       672.534485    
   10.8301525       675.843018    
   10.8401527       679.168030    
   10.8501530       682.509644    
   10.8601532       685.867920    
   10.8701534       689.242920    
   10.8801537       692.634705    
   10.8901539       696.043457    
   10.9001541       699.469177    
   10.9101543       702.911987    
   10.9201546       706.371948    
   10.9301548       709.849182    
   10.9401550       713.343750    
   10.9501553       716.855713    
   10.9601555       720.385193    
   10.9701557       723.932251    
   10.9801559       727.497009    
   10.9901562       731.079529    
   11.0001564       734.679932    
   11.0101566       738.298279    
   11.0201569       741.934692    
   11.0301571       745.589233    
   11.0401573       749.261963    
   11.0501575       752.953003    
   11.0601578       756.662476    
   11.0701580       760.390442    
   11.0801582       764.136963    
   11.0901585       767.902222    
   11.1001587       771.686218    
   11.1101589       775.489075    
   11.1201591       779.310913    
   11.1301594       783.151794    
   11.1401596       787.011841    
   11.1501598       790.891174    
   11.1601601       794.789856    
   11.1701603       798.707947    
   11.1801605       802.645569    
   11.1901608       806.602844    
   11.2001610       810.579834    
   11.2101612       814.576660    
   11.2201614       818.593445    
   11.2301617       822.630249    
   11.2401619       826.687195    
   11.2501621       830.764404    
   11.2601624       834.861938    
   11.2701626       838.979919    
   11.2801628       843.118408    
   11.2901630       847.277527    
   11.3001633       851.457397    
   11.3101635       855.658142    
   11.3201637       859.879822    
   11.3301640       864.122559    
   11.3401642       868.386475    
   11.3501644       872.671631    
   11.3601646       876.978210    
   11.3701649       881.306274    
   11.3801651       885.655884    
   11.3901653       890.027222    
   11.4001656       894.420349    
   11.4101658       898.835388    
   11.4201660       903.272461    
   11.4301662       907.731689    
   11.4401665       912.213135    
   11.4501667       916.716919    
   11.4601669       921.243225    
   11.4701672       925.792114    
   11.4801674       930.363647    
   11.4901676       934.958008    
   11.5001678       939.575317    
   11.5101681       944.215637    
   11.5201683       948.879089    
   11.5301685       953.565857    
   11.5401688       958.276001    
   11.5501690       963.009644    
   11.5601692       967.766907    
   11.5701694       972.547913    
   11.5801697       977.352722    
   11.5901699       982.181519    
   11.6001701       987.034424    
   11.6101704       991.911560    
   11.6201706       996.812988    
   11.6301708       1001.73889    
   11.6401711       1006.68939    
   11.6501713       1011.66461    
   11.6601715       1016.66461    
   11.6701717       1021.68958    
   11.6801720       1026.73962    
   11.6901722       1031.81482    
   11.7001724       1036.91541    
   11.7101727       1042.04138    
   11.7201729       1047.19299    
   11.7301731       1052.37036    
   11.7401733       1057.57349    
   11.7501736       1062.80261    
   11.7601738       1068.05786    
   11.7701740       1073.33936    
   11.7801743       1078.64709    
   11.7901745       1083.98132    
   11.8001747       1089.34229    
   11.8101749       1094.72998    
   11.8201752       1100.14453    
   11.8301754       1105.58606    
   11.8401756       1111.05481    
   11.8501759       1116.55078    
   11.8601761       1122.07422    
   11.8701763       1127.62524    
   11.8801765       1133.20398    
   11.8901768       1138.81055    
   11.9001770       1144.44507    
   11.9101772       1150.10779    
   11.9201775       1155.79871    
   11.9301777       1161.51807    
   11.9401779       1167.26599    
   11.9501781       1173.04260    
   11.9601784       1178.84802    
   11.9701786       1184.68237    
   11.9801788       1190.54590    
   11.9901791       1196.43872    
   12.0001793       1202.36096    
   12.0101795       1208.31274    
   12.0201797       1214.29419    
   12.0301800       1220.30554    
   12.0401802       1226.34692    
   12.0501804       1232.41846    
   12.0601807       1238.52026    
   12.0701809       1244.65247    
   12.0801811       1250.81531    
   12.0901814       1257.00891    
   12.1001816       1263.23340    
   12.1101818       1269.48901    
   12.1201820       1275.77588    
   12.1301823       1282.09412    
   12.1401825       1288.44385    
   12.1501827       1294.82532    
   12.1601830       1301.23865    
   12.1701832       1307.68396    
   12.1801834       1314.16150    
   12.1901836       1320.67139    
   12.2001839       1327.21375    
   12.2101841       1333.78882    
   12.2201843       1340.39661    
   12.2301846       1347.03748    
   12.2401848       1353.71143    
   12.2501850       1360.41870    
   12.2601852       1367.15955    
   12.2701855       1373.93396    
   12.2801857       1380.74219    
   12.2901859       1387.58447    
   12.3001862       1394.46094    
   12.3101864       1401.37170    
   12.3201866       1408.31702    
   12.3301868       1415.29700    
   12.3401871       1422.31177    
   12.3501873       1429.36157    
   12.3601875       1436.44653    
   12.3701878       1443.56689    
   12.3801880       1450.72278    
   12.3901882       1457.91443    
   12.4001884       1465.14197    
   12.4101887       1472.40564    
   12.4201889       1479.70557    
   12.4301891       1487.04199    
   12.4401894       1494.41504    
   12.4501896       1501.82483    
   12.4601898       1509.27161    
   12.4701900       1516.75562    
   12.4801903       1524.27698    
   12.4901905       1531.83594    
   12.5001907       1539.43262    
   12.5101910       1547.06726    
   12.5201912       1554.73999    
   12.5301914       1562.45105    
   12.5401917       1570.20056    
   12.5501919       1577.98877    
   12.5601921       1585.81592    
   12.5701923       1593.68213    
   12.5801926       1601.58765    
   12.5901928       1609.53259    
   12.6001930       1617.51721    
   12.6101933       1625.54175    
   12.6201935       1633.60632    
   12.6301937       1641.71118    
   12.6401939       1649.85657    
   12.6501942       1658.04260    
   12.6601944       1666.26953    
   12.6701946       1674.53748    
   12.6801949       1682.84680    
   12.6901951       1691.19763    
   12.7001953       1699.59009    
   12.7101955       1708.02454    
   12.7201958       1716.50110    
   12.7301960       1725.01990    
   12.7401962       1733.58130    
   12.7501965       1742.18542    
   12.7601967       1750.83252    
   12.7701969       1759.52283    
   12.7801971       1768.25659    
   12.7901974       1777.03394    
   12.8001976       1785.85510    
   12.8101978       1794.72034    
   12.8201981       1803.62988    
   12.8301983       1812.58386    
   12.8401985       1821.58252    
   12.8501987       1830.62622    
   12.8601990       1839.71509    
   12.8701992       1848.84937    
   12.8801994       1858.02917    
   12.8901997       1867.25488    
   12.9001999       1876.52661    
   12.9102001       1885.84473    
   12.9202003       1895.20935    
   12.9302006       1904.62073    
   12.9402008       1914.07910    
   12.9502010       1923.58472    
   12.9602013       1933.13782    
   12.9702015       1942.73865    
   12.9802017       1952.38745    
   12.9902020       1962.08447    
   13.0002022       1971.82983    
   13.0102024       1981.62390    
   13.0202026       1991.46692    
   13.0302029       2001.35913    
   13.0402031       2011.30078    
   13.0502033       2021.29199    
   13.0602036       2031.33313    
   13.0702038       2041.42444    
   13.0802040       2051.56616    
   13.0902042       2061.75854    
   13.1002045       2072.00195    
   13.1102047       2082.29639    
   13.1202049       2092.64233    
   13.1302052       2103.03979    
   13.1402054       2113.48926    
   13.1502056       2123.99097    
   13.1602058       2134.54517    
   13.1702061       2145.15210    
   13.1802063       2155.81201    
   13.1902065       2166.52515    
   13.2002068       2177.29175    
   13.2102070       2188.11206    
   13.2202072       2198.98657    
   13.2302074       2209.91528    
   13.2402077       2220.89868    
   13.2502079       2231.93701    
   13.2602081       2243.03027    
   13.2702084       2254.17896    
   13.2802086       2265.38354    
   13.2902088       2276.64404    
   13.3002090       2287.96069    
   13.3102093       2299.33398    
   13.3202095       2310.76416    
   13.3302097       2322.25122    
   13.3402100       2333.79590    
   13.3502102       2345.39819    
   13.3602104       2357.05835    
   13.3702106       2368.77686    
   13.3802109       2380.55396    
   13.3902111       2392.38989    
   13.4002113       2404.28491    
   13.4102116       2416.23926    
   13.4202118       2428.25342    
   13.4302120       2440.32764    
   13.4402122       2452.46216    
   13.4502125       2464.65723    
   13.4602127       2476.91333    
   13.4702129       2489.23047    
   13.4802132       2501.60913    
   13.4902134       2514.04980    
   13.5002136       2526.55249    
   13.5102139       2539.11768    
   13.5202141       2551.74561    
   13.5302143       2564.43677    
   13.5402145       2577.19116    
   13.5502148       2590.00928    
   13.5602150       2602.89160    
   13.5702152       2615.83813    
   13.5802155       2628.84937    
   13.5902157       2641.92578    
   13.6002159       2655.06738    
   13.6102161       2668.27466    
   13.6202164       2681.54785    
   13.6302166       2694.88745    
   13.6402168       2708.29370    
   13.6502171       2721.76685    
   13.6602173       2735.30737    
   13.6702175       2748.91553    
   13.6802177       2762.59180    
   13.6902180       2776.33643    
   13.7002182       2790.14966    
   13.7102184       2804.03174    
   13.7202187       2817.98340    
   13.7302189       2832.00464    
   13.7402191       2846.09595    
   13.7502193       2860.25757    
   13.7602196       2874.48999    
   13.7702198       2888.79370    
   13.7802200       2903.16870    
   13.7902203       2917.61548    
   13.8002205       2932.13452    
   13.8102207       2946.72607    
   13.8202209       2961.39062    
   13.8302212       2976.12842    
   13.8402214       2990.93994    
   13.8502216       3005.82544    
   13.8602219       3020.78516    
   13.8702221       3035.81982    
   13.8802223       3050.92944    
   13.8902225       3066.11475    
   13.9002228       3081.37573    
   13.9102230       3096.71313    
   13.9202232       3112.12720    
   13.9302235       3127.61816    
   13.9402237       3143.18652    
   13.9502239       3158.83276    
   13.9602242       3174.55713    
   13.9702244       3190.36011    
   13.9802246       3206.24194    
   13.9902248       3222.20312    
   14.0002251       3238.24414    
   14.0102253       3254.36523    
   14.0202255       3270.56689    
   14.0302258       3286.84961    
   14.0402260       3303.21362    
   14.0502262       3319.65942    
   14.0602264       3336.18750    
   14.0702267       3352.79810    
   14.0802269       3369.49170    
   14.0902271       3386.26880    
   14.1002274       3403.12964    
   14.1102276       3420.07471    
   14.1202278       3437.10449    
   14.1302280       3454.21948    
   14.1402283       3471.41992    
   14.1502285       3488.70630    
   14.1602287       3506.07910    
   14.1702290       3523.53857    
   14.1802292       3541.08545    
   14.1902294       3558.71997    
   14.2002296       3576.44263    
   14.2102299       3594.25391    
   14.2202301       3612.15405    
   14.2302303       3630.14355    
   14.2402306       3648.22314    
   14.2502308       3666.39307    
   14.2602310       3684.65381    
   14.2702312       3703.00562    
   14.2802315       3721.44922    
   14.2902317       3739.98511    
   14.3002319       3758.61353    
   14.3102322       3777.33496    
   14.3202324       3796.15015    
   14.3302326       3815.05933    
   14.3402328       3834.06299    
   14.3502331       3853.16162    
   14.3602333       3872.35571    
   14.3702335       3891.64575    
   14.3802338       3911.03198    
   14.3902340       3930.51514    
   14.4002342       3950.09570    
   14.4102345       3969.77417    
   14.4202347       3989.55103    
   14.4302349       4009.42651    
   14.4402351       4029.40137    
   14.4502354       4049.47607    
   14.4602356       4069.65112    
   14.4702358       4089.92700    
   14.4802361       4110.30420    
   14.4902363       4130.78320    
   14.5002365       4151.36475    
   14.5102367       4172.04883    
   14.5202370       4192.83643    
   14.5302372       4213.72803    
   14.5402374       4234.72412    
   14.5502377       4255.82520    
   14.5602379       4277.03174    
   14.5702381       4298.34424    
   14.5802383       4319.76318    
   14.5902386       4341.28906    
   14.6002388       4362.92236    
   14.6102390       4384.66406    
   14.6202393       4406.51416    
   14.6302395       4428.47363    
   14.6402397       4450.54297    
   14.6502399       4472.72266    
   14.6602402       4495.01318    
   14.6702404       4517.41504    
   14.6802406       4539.92871    
   14.6902409       4562.55469    
   14.7002411       4585.29395    
   14.7102413       4608.14697    
   14.7202415       4631.11426    
   14.7302418       4654.19629    
   14.7402420       4677.39355    
   14.7502422       4700.70654    
   14.7602425       4724.13623    
   14.7702427       4747.68311    
   14.7802429       4771.34766    
   14.7902431       4795.13037    
   14.8002434       4819.03223    
   14.8102436       4843.05322    
   14.8202438       4867.19434    
   14.8302441       4891.45605    
   14.8402443       4915.83936    
   14.8502445       4940.34424    
   14.8602448       4964.97168    
   14.8702450       4989.72217    
   14.8802452       5014.59619    
   14.8902454       5039.59473    
   14.9002457       5064.71826    
   14.9102459       5089.96729    
   14.9202461       5115.34229    
   14.9302464       5140.84424    
   14.9402466       5166.47363    
   14.9502468       5192.23145    
   14.9602470       5218.11768    
   14.9702473       5244.13330    
   14.9802475       5270.27930    
   14.9902477       5296.55566    
   15.0002480       5322.96338    
   15.0102482       5349.50293    
   15.0202484       5376.17529    
   15.0302486       5402.98096    
   15.0402489       5429.92090    
   15.0502491       5456.99512    
   15.0602493       5484.20459    
   15.0702496       5511.55029    
   15.0802498       5539.03271    
   15.0902500       5566.65234    
   15.1002502       5594.41016    
   15.1102505       5622.30664    
   15.1202507       5650.34277    
   15.1302509       5678.51904    
   15.1402512       5706.83594    
   15.1502514       5735.29443    
   15.1602516       5763.89502    
   15.1702518       5792.63867    
   15.1802521       5821.52588    
   15.1902523       5850.55762    
   15.2002525       5879.73438    
   15.2102528       5909.05713    
   15.2202530       5938.52637    
   15.2302532       5968.14307    
   15.2402534       5997.90771    
   15.2502537       6027.82080    
   15.2602539       6057.88379    
   15.2702541       6088.09668    
   15.2802544       6118.46094    
   15.2902546       6148.97656    
   15.3002548       6179.64502    
   15.3102551       6210.46680    
   15.3202553       6241.44238    
   15.3302555       6272.57275    
   15.3402557       6303.85889    
   15.3502560       6335.30127    
   15.3602562       6366.90088    
   15.3702564       6398.65869    
   15.3802567       6430.57520    
   15.3902569       6462.65088    
   15.4002571       6494.88721    
   15.4102573       6527.28467    
   15.4202576       6559.84375    
   15.4302578       6592.56592    
   15.4402580       6625.45166    
   15.4502583       6658.50146    
   15.4602585       6691.71680    
   15.4702587       6725.09814    
   15.4802589       6758.64600    
   15.4902592       6792.36182    
   15.5002594       6826.24609    
   15.5102596       6860.29980    
   15.5202599       6894.52393    
   15.5302601       6928.91895    
   15.5402603       6963.48584    
   15.5502605       6998.22559    
   15.5602608       7033.13867    
   15.5702610       7068.22656    
   15.5802612       7103.48975    
   15.5902615       7138.92920    
   15.6002617       7174.54590    
   15.6102619       7210.34082    
   15.6202621       7246.31445    
   15.6302624       7282.46777    
   15.6402626       7318.80176    
   15.6502628       7355.31738    
   15.6602631       7392.01562    
   15.6702633       7428.89746    
   15.6802635       7465.96338    
   15.6902637       7503.21484    
   15.7002640       7540.65234    
   15.7102642       7578.27686    
   15.7202644       7616.08984    
   15.7302647       7654.09180    
   15.7402649       7692.28369    
   15.7502651       7730.66650    
   15.7602654       7769.24121    
   15.7702656       7808.00879    
   15.7802658       7846.96973    
   15.7902660       7886.12549    
   15.8002663       7925.47705    
   15.8102665       7965.02539    
   15.8202667       8004.77148    
   15.8302670       8044.71631    
   15.8402672       8084.86084    
   15.8502674       8125.20605    
   15.8602676       8165.75293    
   15.8702679       8206.50195    
   15.8802681       8247.45508    
   15.8902683       8288.61328    
   15.9002686       8329.97656    
   15.9102688       8371.54688    
   15.9202690       8413.32520    
   15.9302692       8455.31250    
   15.9402695       8497.50977    
   15.9502697       8539.91797    
   15.9602699       8582.53809    
   15.9702702       8625.37109    
   15.9802704       8668.41797    
   15.9902706       8711.67969    
   16.0002708       8755.15820    
   16.0102711       8798.85352    
   16.0202713       8842.76758    
   16.0302715       8886.90137    
   16.0402718       8931.25586    
   16.0502720       8975.83203    
   16.0602722       9020.63086    
   16.0702724       9065.65332    
   16.0802727       9110.90137    
   16.0902729       9156.37500    
   16.1002731       9202.07617    
   16.1102734       9248.00586    
   16.1202736       9294.16504    
   16.1302738       9340.55566    
   16.1402740       9387.17773    
   16.1502743       9434.03320    
   16.1602745       9481.12305    
   16.1702747       9528.44824    
   16.1802750       9576.00977    
   16.1902752       9623.80859    
   16.2002754       9671.84668    
   16.2102757       9720.12500    
   16.2202759       9768.64453    
   16.2302761       9817.40625    
   16.2402763       9866.41211    
   16.2502766       9915.66309    
   16.2602768       9965.16016    
   16.2702770       10014.9043    
   16.2802773       10064.8975    
   16.2902775       10115.1406    
   16.3002777       10165.6348    
   16.3102779       10216.3818    
   16.3202782       10267.3818    
   16.3302784       10318.6367    
   16.3402786       10370.1484    
   16.3502789       10421.9170    
   16.3602791       10473.9443    
   16.3702793       10526.2324    
   16.3802795       10578.7812    
   16.3902798       10631.5928    
   16.4002800       10684.6689    
   16.4102802       10738.0098    
   16.4202805       10791.6182    
   16.4302807       10845.4941    
   16.4402809       10899.6396    
   16.4502811       10954.0557    
   16.4602814       11008.7432    
   16.4702816       11063.7041    
   16.4802818       11118.9404    
   16.4902821       11174.4531    
   16.5002823       11230.2432    
   16.5102825       11286.3115    
   16.5202827       11342.6602    
   16.5302830       11399.2910    
   16.5402832       11456.2051    
   16.5502834       11513.4033    
   16.5602837       11570.8877    
   16.5702839       11628.6592    
   16.5802841       11686.7197    
   16.5902843       11745.0703    
   16.6002846       11803.7129    
   16.6102848       11862.6484    
   16.6202850       11921.8789    
   16.6302853       11981.4053    
   16.6402855       12041.2295    
   16.6502857       12101.3525    
   16.6602859       12161.7764    
   16.6702862       12222.5020    
   16.6802864       12283.5312    
   16.6902866       12344.8652    
   16.7002869       12406.5059    
   16.7102871       12468.4551    
   16.7202873       12530.7139    
   16.7302876       12593.2842    
   16.7402878       12656.1670    
   16.7502880       12719.3643    
   16.7602882       12782.8770    
   16.7702885       12846.7070    
   16.7802887       12910.8564    
   16.7902889       12975.3271    
   16.8002892       13040.1201    
   16.8102894       13105.2363    
   16.8202896       13170.6787    
   16.8302898       13236.4482    
   16.8402901       13302.5459    
   16.8502903       13368.9746    
   16.8602905       13435.7354    
   16.8702908       13502.8301    
   16.8802910       13570.2598    
   16.8902912       13638.0264    
   16.9002914       13706.1318    
   16.9102917       13774.5781    
   16.9202919       13843.3662    
   16.9302921       13912.4980    
   16.9402924       13981.9756    
   16.9502926       14051.8008    
   16.9602928       14121.9746    
   16.9702930       14192.5000    
   16.9802933       14263.3779    
   16.9902935       14334.6094    
   17.0002937       14406.1973    
   17.0102940       14478.1436    
   17.0202942       14550.4492    
   17.0302944       14623.1162    
   17.0402946       14696.1465    
   17.0502949       14769.5420    
   17.0602951       14843.3047    
   17.0702953       14917.4355    
   17.0802956       14991.9375    
   17.0902958       15066.8115    
   17.1002960       15142.0605    
   17.1102962       15217.6855    
   17.1202965       15293.6885    
   17.1302967       15370.0713    
   17.1402969       15446.8359    
   17.1502972       15523.9844    
   17.1602974       15601.5186    
   17.1702976       15679.4404    
   17.1802979       15757.7520    
   17.1902981       15836.4551    
   17.2002983       15915.5518    
   17.2102985       15995.0439    
   17.2202988       16074.9326    
   17.2302990       16155.2207    
   17.2402992       16235.9102    
   17.2502995       16317.0039    
   17.2602997       16398.5020    
   17.2702999       16480.4082    
   17.2803001       16562.7246    
   17.2903004       16645.4512    
   17.3003006       16728.5918    
   17.3103008       16812.1484    
   17.3203011       16896.1230    
   17.3303013       16980.5176    
   17.3403015       17065.3340    
   17.3503017       17150.5742    
   17.3603020       17236.2402    
   17.3703022       17322.3340    
   17.3803024       17408.8594    
   17.3903027       17495.8164    
   17.4003029       17583.2090    
   17.4103031       17671.0371    
   17.4203033       17759.3047    
   17.4303036       17848.0137    
   17.4403038       17937.1660    
   17.4503040       18026.7637    
   17.4603043       18116.8105    
   17.4703045       18207.3066    
   17.4803047       18298.2559    
   17.4903049       18389.6602    
   17.5003052       18481.5215    
   17.5103054       18573.8418    
   17.5203056       18666.6230    
   17.5303059       18759.8691    
   17.5403061       18853.5801    
   17.5503063       18947.7598    
   17.5603065       19042.4102    
   17.5703068       19137.5352    
   17.5803070       19233.1348    
   17.5903072       19329.2129    
   17.6003075       19425.7715    
   17.6103077       19522.8125    
   17.6203079       19620.3379    
   17.6303082       19718.3516    
   17.6403084       19816.8555    
   17.6503086       19915.8516    
   17.6603088       20015.3418    
   17.6703091       20115.3301    
   17.6803093       20215.8184    
   17.6903095       20316.8086    
   17.7003098       20418.3047    
   17.7103100       20520.3086    
   17.7203102       20622.8223    
   17.7303104       20725.8477    
   17.7403107       20829.3887    
   17.7503109       20933.4473    
   17.7603111       21038.0254    
   17.7703114       21143.1270    
   17.7803116       21248.7539    
   17.7903118       21354.9082    
   17.8003120       21461.5938    
   17.8103123       21568.8125    
   17.8203125       21676.5684    
   17.8303127       21784.8613    
   17.8403130       21893.6973    
   17.8503132       22003.0762    
   17.8603134       22113.0020    
   17.8703136       22223.4785    
   17.8803139       22334.5059    
   17.8903141       22446.0898    
   17.9003143       22558.2305    
   17.9103146       22670.9316    
   17.9203148       22784.1973    
   17.9303150       22898.0293    
   17.9403152       23012.4297    
   17.9503155       23127.4023    
   17.9603157       23242.9492    
   17.9703159       23359.0742    
   17.9803162       23475.7793    
   17.9903164       23593.0684    
   18.0003166       23710.9434    
   18.0103168       23829.4082    
   18.0203171       23948.4648    
   18.0303173       24068.1172    
   18.0403175       24188.3672    
   18.0503178       24309.2188    
   18.0603180       24430.6738    
   18.0703182       24552.7363    
   18.0803185       24675.4102    
   18.0903187       24798.6973    
   18.1003189       24922.5996    
   18.1103191       25047.1211    
   18.1203194       25172.2656    
   18.1303196       25298.0371    
   18.1403198       25424.4375    
   18.1503201       25551.4688    
   18.1603203       25679.1348    
   18.1703205       25807.4395    
   18.1803207       25936.3867    
   18.1903210       26065.9785    
   18.2003212       26196.2168    
   18.2103214       26327.1074    
   18.2203217       26458.6523    
   18.2303219       26590.8535    
   18.2403221       26723.7168    
   18.2503223       26857.2441    
   18.2603226       26991.4395    
   18.2703228       27126.3047    
   18.2803230       27261.8457    
   18.2903233       27398.0625    
   18.3003235       27534.9609    
   18.3103237       27672.5449    
   18.3203239       27810.8164    
   18.3303242       27949.7793    
   18.3403244       28089.4355    
   18.3503246       28229.7910    
   18.3603249       28370.8477    
   18.3703251       28512.6094    
   18.3803253       28655.0801    
   18.3903255       28798.2637    
   18.4003258       28942.1621    
   18.4103260       29086.7812    
   18.4203262       29232.1230    
   18.4303265       29378.1914    
   18.4403267       29524.9902    
   18.4503269       29672.5234    
   18.4603271       29820.7930    
   18.4703274       29969.8047    
   18.4803276       30119.5605    
   18.4903278       30270.0664    
   18.5003281       30421.3242    
   18.5103283       30573.3379    
   18.5203285       30726.1113    
   18.5303288       30879.6484    
   18.5403290       31033.9531    
   18.5503292       31189.0293    
   18.5603294       31344.8809    
   18.5703297       31501.5117    
   18.5803299       31658.9258    
   18.5903301       31817.1270    
   18.6003304       31976.1191    
   18.6103306       32135.9062    
   18.6203308       32296.4922    
   18.6303310       32457.8809    
   18.6403313       32620.0762    
   18.6503315       32783.0820    
   18.6603317       32946.9023    
   18.6703320       33111.5430    
   18.6803322       33277.0078    
   18.6903324       33443.3008    
   18.7003326       33610.4219    
   18.7103329       33778.3789    
   18.7203331       33947.1758    
   18.7303333       34116.8164    
   18.7403336       34287.3086    
   18.7503338       34458.6523    
   18.7603340       34630.8516    
   18.7703342       34803.9102    
   18.7803345       34977.8359    
   18.7903347       35152.6328    
   18.8003349       35328.3008    
   18.8103352       35504.8477    
   18.8203354       35682.2773    
   18.8303356       35860.5938    
   18.8403358       36039.8008    
   18.8503361       36219.9062    
   18.8603363       36400.9102    
   18.8703365       36582.8203    
   18.8803368       36765.6406    
   18.8903370       36949.3750    
   18.9003372       37134.0273    
   18.9103374       37319.6016    
   18.9203377       37506.1055    
   18.9303379       37693.5430    
   18.9403381       37881.9141    
   18.9503384       38071.2305    
   18.9603386       38261.4922    
   18.9703388       38452.7031    
   18.9803391       38644.8711    
   18.9903393       38838.0000    
   19.0003395       39032.0938    
   19.0103397       39227.1602    
   19.0203400       39423.1992    
   19.0303402       39620.2188    
   19.0403404       39818.2266    
   19.0503407       40017.2227    
   19.0603409       40217.2148    
   19.0703411       40418.2070    
   19.0803413       40620.2031    
   19.0903416       40823.2070    
   19.1003418       41027.2266    
   19.1103420       41232.2656    
   19.1203423       41438.3320    
   19.1303425       41645.4297    
   19.1403427       41853.5625    
   19.1503429       42062.7344    
   19.1603432       42272.9531    
   19.1703434       42484.2227    
   19.1803436       42696.5469    
   19.1903439       42909.9336    
   19.2003441       43124.3867    
   19.2103443       43339.9141    
   19.2203445       43556.5156    
   19.2303448       43774.2031    
   19.2403450       43992.9766    
   19.2503452       44212.8438    
   19.2603455       44433.8125    
   19.2703457       44655.8867    
   19.2803459       44879.0703    
   19.2903461       45103.3711    
   19.3003464       45328.7930    
   19.3103466       45555.3398    
   19.3203468       45783.0195    
   19.3303471       46011.8398    
   19.3403473       46241.8008    
   19.3503475       46472.9141    
   19.3603477       46705.1836    
   19.3703480       46938.6133    
   19.3803482       47173.2109    
   19.3903484       47408.9805    
   19.4003487       47645.9297    
   19.4103489       47884.0625    
   19.4203491       48123.3867    
   19.4303493       48363.9062    
   19.4403496       48605.6289    
   19.4503498       48848.5586    
   19.4603500       49092.7031    
   19.4703503       49338.0703    
   19.4803505       49584.6641    
   19.4903507       49832.4883    
   19.5003510       50081.5547    
   19.5103512       50331.8633    
   19.5203514       50583.4258    
   19.5303516       50836.2461    
   19.5403519       51090.3281    
   19.5503521       51345.6836    
   19.5603523       51602.3125    
   19.5703526       51860.2266    
   19.5803528       52119.4297    
   19.5903530       52379.9297    
   19.6003532       52641.7305    
   19.6103535       52904.8398    
   19.6203537       53169.2656    
   19.6303539       53435.0156    
   19.6403542       53702.0938    
   19.6503544       53970.5078    
   19.6603546       54240.2617    
   19.6703548       54511.3633    
   19.6803551       54783.8203    
   19.6903553       55057.6406    
   19.7003555       55332.8320    
   19.7103558       55609.3984    
   19.7203560       55887.3477    
   19.7303562       56166.6875    
   19.7403564       56447.4219    
   19.7503567       56729.5586    
   19.7603569       57013.1094    
   19.7703571       57298.0742    
   19.7803574       57584.4648    
   19.7903576       57872.2891    
   19.8003578       58161.5508    
   19.8103580       58452.2578    
   19.8203583       58744.4219    
   19.8303585       59038.0430    
   19.8403587       59333.1328    
   19.8503590       59629.6992    
   19.8603592       59927.7500    
   19.8703594       60227.2891    
   19.8803596       60528.3242    
   19.8903599       60830.8672    
   19.9003601       61134.9219    
   19.9103603       61440.4961    
   19.9203606       61747.5977    
   19.9303608       62056.2344    
   19.9403610       62366.4141    
   19.9503613       62678.1445    
   19.9603615       62991.4336    
   19.9703617       63306.2891    
   19.9803619       63622.7188    
   19.9903622       63940.7305    
   20.0003624       64260.3359    
