        1000
  0.10711017337471329     
  0.17994540973681572     
  0.18906102151091164     
  0.19602713154136087     
  0.19859676364854739     
  0.20158915989795212     
  0.20844770789530032     
  0.21628900417878072     
  0.22164188507896054     
  0.23419596807921017     
  0.23586233897313624     
  0.23825710511112674     
  0.23981049865993820     
  0.25274676405497287     
  0.26013764039723208     
  0.28033435824240627     
  0.28385116801647536     
  0.28463613095331552     
  0.28584843063423737     
  0.28730337216868873     
  0.29053650222817107     
  0.29515875827768256     
  0.29832062557497740     
  0.29907612212295354     
  0.30432796817881858     
  0.31304017041017684     
  0.31386403085531889     
  0.31402380828167287     
  0.31504611505488922     
  0.32062005743170974     
  0.32619163404157325     
  0.32645014009421680     
  0.32698764889605236     
  0.32746757014919758     
  0.33846388345578682     
  0.34043185686593724     
  0.34196851967723141     
  0.35649035200164780     
  0.36383982101334544     
  0.37069102244566021     
  0.37088841209702694     
  0.37242588821141465     
  0.37242619222681850     
  0.37327039013402064     
  0.37346252035358318     
  0.38244001111480064     
  0.38536362302952087     
  0.39244854836623178     
  0.39415494611537483     
  0.39450658864939636     
  0.39469029219487173     
  0.39471440244407929     
  0.39617964771967706     
  0.40112768521877673     
  0.40264394837753603     
  0.40296719995174157     
  0.40389755047722353     
  0.40396329266513342     
  0.40668319645420681     
  0.40761431722495955     
  0.40925339492035562     
  0.40929118737214010     
  0.41163250831266218     
  0.41579196290160592     
  0.41589546700608593     
  0.41629319801014442     
  0.41879980084287927     
  0.41914196550465166     
  0.42322692797594053     
  0.42384671942538488     
  0.42572270742618379     
  0.42630991461055034     
  0.42780163068832289     
  0.42931202517228062     
  0.43242699553499508     
  0.43459709183745843     
  0.43460065514993051     
  0.43499061434282060     
  0.43659094279436805     
  0.43884913953712446     
  0.44202502526411214     
  0.44381269742642548     
  0.44639744997956465     
  0.44914525033613384     
  0.44957449939023753     
  0.44986641887258905     
  0.45162206385709625     
  0.45214460357048525     
  0.45224234500592120     
  0.45939189611145204     
  0.46007308944837733     
  0.46179313838030400     
  0.46266305746727621     
  0.46541144044604243     
  0.46694586874802391     
  0.46914294709942261     
  0.47023456583768752     
  0.47116927681384302     
  0.47132187814443982     
  0.47175017098984640     
  0.47611886250244906     
  0.47690022164146939     
  0.47700284084599642     
  0.47704601204295227     
  0.47781990539287866     
  0.47993445640742394     
  0.48091333231206446     
  0.48451024028310530     
  0.48797919359627784     
  0.48891422536041984     
  0.49004729523936663     
  0.49039283834236969     
  0.49064463357539356     
  0.49208354455642955     
  0.49248399059466774     
  0.49367580632538921     
  0.49424156117311158     
  0.49510005354739783     
  0.49546227877575455     
  0.49555705489811919     
  0.49664006122644799     
  0.49722276942153820     
  0.49862508508346293     
  0.50099320026634642     
  0.50670159482415278     
  0.50772923033594386     
  0.50941382159265347     
  0.51007287097233722     
  0.51373481483299432     
  0.51632170642789410     
  0.51644873751635012     
  0.51829052053470925     
  0.52138130891443313     
  0.52170783915617180     
  0.52187430967369519     
  0.52242228193730866     
  0.52285466799776903     
  0.52553266631844286     
  0.52555544936806919     
  0.52591308308782103     
  0.53149225696471991     
  0.53341177173141585     
  0.53353387942227659     
  0.53395771777414280     
  0.53396815893773397     
  0.53412965989115568     
  0.53493568092908494     
  0.53794341478312813     
  0.54050447983729999     
  0.54120969286424914     
  0.54123396873369956     
  0.54479120678662596     
  0.54662193384606872     
  0.54736803020562408     
  0.54753155791342167     
  0.54858828497321066     
  0.55114764624068890     
  0.55276913361436697     
  0.55306581374306607     
  0.55347253556680642     
  0.55413783219679902     
  0.55511855657525733     
  0.55524416904448437     
  0.55644788673229617     
  0.55735743710847885     
  0.55745319049255826     
  0.55791172075051365     
  0.55828544087384624     
  0.55869222953473874     
  0.55934380997013866     
  0.56032338380993607     
  0.56115852078752682     
  0.56208299716417498     
  0.56310382184045460     
  0.56328451288310089     
  0.56386704332043058     
  0.56719504991154746     
  0.56874824412332747     
  0.56892655097775735     
  0.56926924788885713     
  0.56979006023151191     
  0.57221116880656608     
  0.57238454226701097     
  0.57419826564191323     
  0.57549573916250418     
  0.57647189094493234     
  0.57687630863009631     
  0.57739716267921903     
  0.57816291907131279     
  0.57988630767920013     
  0.57999635434158392     
  0.58202481975575171     
  0.58302086785718932     
  0.58397014545751469     
  0.58441805911543476     
  0.58769226974238564     
  0.59037383849526326     
  0.59118135251040338     
  0.59156596190019728     
  0.59218780207022881     
  0.59250937661518843     
  0.59267842433398343     
  0.59309481529826691     
  0.59396324855957872     
  0.59398951189713234     
  0.59472556569115820     
  0.59512462198533522     
  0.59778390631340694     
  0.59819646424167505     
  0.59874355517949995     
  0.60164095471844170     
  0.60391351077316380     
  0.60748772647828342     
  0.60767346283030510     
  0.60949086200813007     
  0.61043364151813451     
  0.61098682235429069     
  0.61109479369470754     
  0.61138659215165836     
  0.61165046323047156     
  0.61196254600778410     
  0.61378268327000673     
  0.61411028356220287     
  0.61415359927894342     
  0.61458859002467492     
  0.61509542314408017     
  0.61586513485076311     
  0.61675612986997774     
  0.61685205767708473     
  0.61759022686911969     
  0.61994286884230687     
  0.62355182881940541     
  0.62359052956178951     
  0.62375716904415368     
  0.62421320801334523     
  0.62476905453311327     
  0.62478564999724873     
  0.62625893275364608     
  0.62714534954569123     
  0.62793386991147093     
  0.62954705223904162     
  0.63016353480411924     
  0.63035362730630529     
  0.63126835737657216     
  0.63233966491526983     
  0.63322461138921382     
  0.63382601683222295     
  0.63466294381234012     
  0.63481203339338654     
  0.63599998186252416     
  0.63605310030219109     
  0.63707662131087917     
  0.63713819086832368     
  0.63758779784936004     
  0.64041645437065375     
  0.64226440645376526     
  0.64361338560968517     
  0.64417415396942834     
  0.64529216921910193     
  0.64562235887660457     
  0.64749471598365560     
  0.64750218141433769     
  0.64757494685011374     
  0.64848504603437762     
  0.64863413079885646     
  0.64897257988712376     
  0.64917054746418990     
  0.64948386262764779     
  0.65003230354019859     
  0.65051778570131191     
  0.65224082195934219     
  0.65323252560164691     
  0.65415924528734204     
  0.65443241593250667     
  0.65555056700963110     
  0.65642495264156420     
  0.65704874907319766     
  0.65758839138557590     
  0.65769228991096951     
  0.65846385875063695     
  0.65850549734789587     
  0.65885184152323739     
  0.65923616380758265     
  0.66057021006345729     
  0.66259702098820350     
  0.66307729897995149     
  0.66322698715615769     
  0.66369376988367024     
  0.66521858854288884     
  0.66538497554394793     
  0.66540108949603261     
  0.66595211373845931     
  0.66651842872766542     
  0.66658733316973118     
  0.66697723899068595     
  0.66791862343688801     
  0.66906631019410656     
  0.66946810231902365     
  0.67178484028203811     
  0.67230952336023730     
  0.67269104204921393     
  0.67450608030246140     
  0.67452466486871165     
  0.67512911010124110     
  0.67516663844398794     
  0.67529014469405546     
  0.67563797370131728     
  0.67760574145257124     
  0.67766535957847196     
  0.67845550002462518     
  0.67904414501678600     
  0.67931875132534458     
  0.67984698670590515     
  0.68067893529790102     
  0.68173523029675864     
  0.68240743816643135     
  0.68270396885715368     
  0.68272793398616871     
  0.68476600144685806     
  0.68536670452741133     
  0.68546487810338219     
  0.68580581387759354     
  0.68704534009073037     
  0.68709279808513912     
  0.68734284125920142     
  0.68879322561287226     
  0.68928701700080108     
  0.68980010689063798     
  0.68998598267329403     
  0.69015358923233650     
  0.69108627044798954     
  0.69114347837627377     
  0.69198458289937081     
  0.69216234408128741     
  0.69227369040093933     
  0.69387128402740805     
  0.69607810149281690     
  0.69655539360748664     
  0.69668618877164856     
  0.69791786349193397     
  0.70159072644605247     
  0.70195420269097730     
  0.70212016756724049     
  0.70418233468104563     
  0.70496162812517160     
  0.70576558764744168     
  0.70691164703042342     
  0.70697562155814764     
  0.70742141779028278     
  0.70931457328890668     
  0.70965543031039291     
  0.71027297667339750     
  0.71075847245210366     
  0.71181958186983918     
  0.71204329105375042     
  0.71206413147496417     
  0.71257423415111232     
  0.71290159580716417     
  0.71372707472875163     
  0.71384143769870356     
  0.71415079799357584     
  0.71466104390358121     
  0.71509137422132085     
  0.71653611656442251     
  0.71655336035083139     
  0.71713381448056690     
  0.71719303271183177     
  0.71752871614372637     
  0.71783581613865632     
  0.71814229182182121     
  0.71814239118044643     
  0.71822396497689911     
  0.71866238087154366     
  0.71899418156798711     
  0.71989301148762774     
  0.72012150499822503     
  0.72079309812960568     
  0.72115256263982863     
  0.72181292595292179     
  0.72275219660674306     
  0.72298291474333676     
  0.72332535720026481     
  0.72471077351071544     
  0.72495163446997835     
  0.72535393571023365     
  0.72543555181968400     
  0.72552805768856310     
  0.72638693391877585     
  0.72663837141016918     
  0.72669958257800094     
  0.72702626093504374     
  0.72728262850007031     
  0.72731656832713232     
  0.72742446686282836     
  0.72746637203477282     
  0.72859107333681272     
  0.72917318909140949     
  0.72957919879426814     
  0.72977224514541172     
  0.73065733401098631     
  0.73206305525637927     
  0.73216669079234620     
  0.73228910736295061     
  0.73231638107244823     
  0.73243594734028183     
  0.73359005318176584     
  0.73370141863230620     
  0.73535343699214917     
  0.73613074756137564     
  0.73678137226556861     
  0.73682176377942654     
  0.73749644342316800     
  0.73797941840865144     
  0.73917423441733587     
  0.74034770024901397     
  0.74112451624220832     
  0.74157779091695430     
  0.74383590035867875     
  0.74534881077450843     
  0.74575774063305145     
  0.74583598782359595     
  0.74641923423824708     
  0.74732212818020571     
  0.74776335134339056     
  0.74900048152500864     
  0.74908611040564288     
  0.74942496901364519     
  0.74991579914323170     
  0.74998922726882500     
  0.75033691324495777     
  0.75122916821571784     
  0.75194339084384298     
  0.75253875721406449     
  0.75256555278239445     
  0.75374551463735173     
  0.75437235477583353     
  0.75486253135253090     
  0.75615808046166300     
  0.75730401438864003     
  0.76074168521622876     
  0.76314377747449069     
  0.76324801636138340     
  0.76330944393977873     
  0.76380089785348138     
  0.76494695514295141     
  0.76503260462348377     
  0.76549179953459023     
  0.76617027907761870     
  0.76838400248909788     
  0.76929952258529677     
  0.77002293323240845     
  0.77002774759862402     
  0.77027993818403717     
  0.77096938155519812     
  0.77155115589559475     
  0.77170456029584589     
  0.77183076721085153     
  0.77262283819220356     
  0.77278475996141660     
  0.77315186856446161     
  0.77336841332796502     
  0.77381686088003299     
  0.77419935706250265     
  0.77437295949361296     
  0.77448564683738841     
  0.77490490594149686     
  0.77506568892795691     
  0.77520585079582938     
  0.77624501254247324     
  0.77653225623186284     
  0.77711678575587628     
  0.77743420452900214     
  0.77787440477433079     
  0.77841588393431749     
  0.77909273868935347     
  0.78219487799322129     
  0.78296234419327049     
  0.78319315835487091     
  0.78499419012287319     
  0.78520327518712363     
  0.78537190340384189     
  0.78569849016550763     
  0.78616181429017873     
  0.78756128780313261     
  0.78766423442811795     
  0.78859914315483925     
  0.78900281246031356     
  0.78957105419149798     
  0.79046103758409425     
  0.79051097024403694     
  0.79105877933337931     
  0.79149981795193391     
  0.79168809474331747     
  0.79175747584918788     
  0.79215713003877464     
  0.79228574058876522     
  0.79239755703171266     
  0.79303424194110816     
  0.79342020778013667     
  0.79422890016015713     
  0.79461737338440419     
  0.79470210076703851     
  0.79594450023806373     
  0.79642951346760227     
  0.79778234097053036     
  0.79793761053685042     
  0.79928634625737438     
  0.80008632688455994     
  0.80094535338803863     
  0.80126636695386111     
  0.80151186864403268     
  0.80158099377345260     
  0.80173723889433612     
  0.80228232336268079     
  0.80323889614665178     
  0.80346750301103054     
  0.80455737831898022     
  0.80626371726866164     
  0.80656336981520527     
  0.80668147186449735     
  0.80712425493943352     
  0.80734878976669033     
  0.80797380933984753     
  0.80903840035336905     
  0.80914914932864157     
  0.80959540966838794     
  0.81005524120184225     
  0.81006877529766197     
  0.81032907314406433     
  0.81142828877078099     
  0.81205455947582350     
  0.81282439754659364     
  0.81297607468832422     
  0.81314203877263536     
  0.81348826110005257     
  0.81367088213708505     
  0.81374474535014829     
  0.81378086137934491     
  0.81434794729540638     
  0.81509412072419596     
  0.81535732396910199     
  0.81687925055095767     
  0.81713994717681337     
  0.81723237162190010     
  0.81864953921412564     
  0.81924113312917168     
  0.81968288773216380     
  0.81969724993503945     
  0.82038161789618602     
  0.82082891862974072     
  0.82142281000204931     
  0.82146930826030318     
  0.82165907002698224     
  0.82185879330549616     
  0.82197196003302353     
  0.82215593903846240     
  0.82264274501477253     
  0.82311332307751284     
  0.82399915878230723     
  0.82414749498737616     
  0.82478344718236030     
  0.82540160025909393     
  0.82598132744070574     
  0.82605192588646315     
  0.82627603509667458     
  0.82634701431269286     
  0.82748254005911592     
  0.82765670324674101     
  0.82786755680992308     
  0.82899726420009512     
  0.82985248393608424     
  0.83039190709715549     
  0.83065222694147245     
  0.83102808883632240     
  0.83155832829146903     
  0.83173446113348615     
  0.83250034593915279     
  0.83357785749091506     
  0.83544879352801582     
  0.83619748991180287     
  0.83630885417194278     
  0.83633615422547303     
  0.83729632806098597     
  0.83877274487728704     
  0.83954102483656701     
  0.83961353354396451     
  0.84026816219507017     
  0.84028696259134716     
  0.84070422394736466     
  0.84079044541615677     
  0.84103880137630393     
  0.84111603904119281     
  0.84115420790526452     
  0.84138353583796999     
  0.84254810836568050     
  0.84306898923310247     
  0.84336636034091572     
  0.84392542887328181     
  0.84399052774170114     
  0.84428419528864496     
  0.84437041684971559     
  0.84475576467666369     
  0.84493711465026422     
  0.84558212753187312     
  0.84577157123023505     
  0.84599440318169483     
  0.84612942540047276     
  0.84637554510447444     
  0.84653309540999566     
  0.84715830053906060     
  0.84719503048586142     
  0.84789016911055370     
  0.84861525631551238     
  0.84890665242841534     
  0.85010712548007172     
  0.85112374576856054     
  0.85132240735834064     
  0.85253344032082357     
  0.85256163125003237     
  0.85290276885349725     
  0.85301625624892474     
  0.85308838069813120     
  0.85313843187097271     
  0.85344594548238284     
  0.85344654781354978     
  0.85376117965875531     
  0.85393097514680194     
  0.85420046611671618     
  0.85435531030087675     
  0.85453510122372311     
  0.85465968334007070     
  0.85498687437880783     
  0.85516216771490172     
  0.85535492985784844     
  0.85537666536830070     
  0.85648512789177977     
  0.85682382374019761     
  0.85697854736913426     
  0.85751239940550017     
  0.85793150888144465     
  0.85803202617244267     
  0.85809043366848148     
  0.85840703898547532     
  0.85861323728293204     
  0.85900417810569374     
  0.85923007941662888     
  0.85963539678673018     
  0.85985332943910742     
  0.86056964543943881     
  0.86071022884752801     
  0.86074337778302468     
  0.86090356920707733     
  0.86111583799004421     
  0.86172056120317631     
  0.86199886151328453     
  0.86217798717376271     
  0.86269558543426106     
  0.86511960532845000     
  0.86549551936042546     
  0.86581042736593639     
  0.86589718481596278     
  0.86595698546036293     
  0.86597128059311634     
  0.86633779842509673     
  0.86672864893336155     
  0.86686114269456127     
  0.86709391906425137     
  0.86755888959822014     
  0.86777507321749148     
  0.86777935154874875     
  0.86832704589332732     
  0.86833470505097177     
  0.86852843259662127     
  0.86919397376959828     
  0.87013595433798319     
  0.87017667506198038     
  0.87165316696268635     
  0.87271137648682728     
  0.87274259540049715     
  0.87304983690983995     
  0.87368293664003283     
  0.87378544980205386     
  0.87389378278667185     
  0.87417445569920127     
  0.87432634057788428     
  0.87529163396931087     
  0.87587311404624268     
  0.87808853795367825     
  0.87935098715465843     
  0.87937281490906416     
  0.87938520706535717     
  0.87990189569859145     
  0.88026108009211346     
  0.88058858282413044     
  0.88061338291401103     
  0.88103689625872517     
  0.88147102688632883     
  0.88159180323970354     
  0.88164944281777990     
  0.88188099734573488     
  0.88246486892347586     
  0.88271098049649177     
  0.88278653260842699     
  0.88312618016709432     
  0.88423673074619369     
  0.88475221160646600     
  0.88511681264051978     
  0.88514120587626510     
  0.88598128812465970     
  0.88630669588227595     
  0.88643551131958398     
  0.88727733231869821     
  0.88735403046608374     
  0.88739465630398406     
  0.88743643420497620     
  0.88842696080891526     
  0.88858507836795275     
  0.88903728044155561     
  0.88971202313363718     
  0.88985792470092595     
  0.89080861175934134     
  0.89231466288422345     
  0.89383146426782090     
  0.89402179077775268     
  0.89411864731258139     
  0.89467912599833810     
  0.89481220248419713     
  0.89484451600453341     
  0.89503602014138339     
  0.89520701707415307     
  0.89541943248840650     
  0.89555195090450967     
  0.89575645565359374     
  0.89591458973032345     
  0.89627028125969743     
  0.89637634379590003     
  0.89665881671136372     
  0.89673703611424171     
  0.89680153119809070     
  0.89685558314508240     
  0.89687405581565838     
  0.89715232437684145     
  0.89727197903753286     
  0.89865563147737992     
  0.89927507233393156     
  0.89975871410818131     
  0.89994562755925400     
  0.90010087406736761     
  0.90034638108541687     
  0.90079926989858505     
  0.90096263368853169     
  0.90133241440849143     
  0.90215024141539901     
  0.90224441030024105     
  0.90238608684073662     
  0.90316846178017263     
  0.90318922291916448     
  0.90327558606348668     
  0.90347022518686937     
  0.90376891642385260     
  0.90387472687679049     
  0.90433389923322138     
  0.90472183680330209     
  0.90544079908911712     
  0.90573591179523893     
  0.90592226354037564     
  0.90635089965588800     
  0.90659631377901495     
  0.90686593161417994     
  0.90715198085076554     
  0.90741915347354996     
  0.90798188017456949     
  0.90836416657722674     
  0.90867431013556066     
  0.90941864532312600     
  0.90947070044287959     
  0.91013682153948927     
  0.91031546550780562     
  0.91051359788142372     
  0.91091067095288791     
  0.91115071105918111     
  0.91118622757686119     
  0.91121726799551128     
  0.91317247972156435     
  0.91396871018994019     
  0.91397912261628800     
  0.91512926132077677     
  0.91551759027871993     
  0.91560205170241549     
  0.91581170491217012     
  0.91643961569446186     
  0.91686758548132852     
  0.91770296775103588     
  0.91835674638359632     
  0.91844405957915765     
  0.91844572766775501     
  0.91938626134851653     
  0.91947583037950065     
  0.91954605500410491     
  0.92165881746558631     
  0.92199845952261106     
  0.92405305859923914     
  0.92424833071769574     
  0.92446275587166538     
  0.92452745473656883     
  0.92588751602443642     
  0.92612000369161207     
  0.92716174234552851     
  0.92766805892984205     
  0.92773729836909924     
  0.92782380211596427     
  0.92790753029231576     
  0.92870261089544126     
  0.92910462900231416     
  0.92933746983939947     
  0.93050474126538962     
  0.93081449430834895     
  0.93117671918412681     
  0.93132714248378745     
  0.93135281661059999     
  0.93261091789611750     
  0.93309017195183597     
  0.93314089613053075     
  0.93362939568998149     
  0.93368566638365469     
  0.93492287248567696     
  0.93562129901663382     
  0.93592733923052474     
  0.93593680227284515     
  0.93601434858214783     
  0.93653350250913336     
  0.93663867299531112     
  0.93669432351127535     
  0.93837914183618409     
  0.93891229310081548     
  0.93918781193254852     
  0.93936213463127005     
  0.93979162626587553     
  0.94099964079410381     
  0.94123146956064707     
  0.94134038572213874     
  0.94137163180480965     
  0.94174667952227054     
  0.94185402926498263     
  0.94195297726165084     
  0.94271882294214571     
  0.94388130310072271     
  0.94395929536669898     
  0.94403071257998628     
  0.94428463320602007     
  0.94454910243480339     
  0.94600399696457615     
  0.94627977159139187     
  0.94651311066889410     
  0.94686924246338611     
  0.94742722501500820     
  0.94825353441247562     
  0.94830060040478703     
  0.94835800521548186     
  0.94836140313988959     
  0.94870948432876878     
  0.94926155564093073     
  0.94935458596079847     
  0.95016357734380352     
  0.95033101641616780     
  0.95068995607937934     
  0.95072157490582931     
  0.95088825809111366     
  0.95101126839110284     
  0.95118222507185102     
  0.95128969504012906     
  0.95275582605533349     
  0.95328895540599867     
  0.95381514101629672     
  0.95383599194119517     
  0.95472168000153979     
  0.95538753677942378     
  0.95595587660283565     
  0.95604816764006217     
  0.95609620447256616     
  0.95638179157485936     
  0.95638576654956409     
  0.95742221162521113     
  0.95800723045008607     
  0.95825827340027991     
  0.95838190544613966     
  0.95915662420028824     
  0.95932791350269409     
  0.95940025503562176     
  0.95961346327444641     
  0.95966249744073973     
  0.95989827522699611     
  0.95992339667204096     
  0.96045822792029767     
  0.96054352253117670     
  0.96088424417345530     
  0.96235533789663008     
  0.96277639679941307     
  0.96282133689036331     
  0.96294788028965728     
  0.96322116621175757     
  0.96322857476209378     
  0.96325778577646726     
  0.96341004756729232     
  0.96377977373114632     
  0.96417801991389607     
  0.96418302275133483     
  0.96421544748125809     
  0.96435428491744934     
  0.96495984258970624     
  0.96586710546430621     
  0.96586980662692412     
  0.96632086042055454     
  0.96714498290638296     
  0.96784255284770992     
  0.96911431648914803     
  0.96918151701919120     
  0.96952654213779543     
  0.96976277629866636     
  0.97083618796138904     
  0.97087320469760463     
  0.97126477686969026     
  0.97205627610862599     
  0.97244160614758035     
  0.97255287138926949     
  0.97322396213714224     
  0.97437356202064052     
  0.97492774092698864     
  0.97506311816286306     
  0.97547394730432424     
  0.97578774008823899     
  0.97614311615191296     
  0.97770285285878533     
  0.97820564291392176     
  0.97860129093759407     
  0.97860257005418549     
  0.97898567731501418     
  0.97904658931856814     
  0.97910533836459468     
  0.97919147553257169     
  0.98040255868691706     
  0.98056466504869100     
  0.98062027624333681     
  0.98091038969042998     
  0.98095463416427664     
  0.98100596328824363     
  0.98133737103399066     
  0.98178188822324497     
  0.98211287057394525     
  0.98248960116275874     
  0.98253121773484564     
  0.98260039753767192     
  0.98266340123505780     
  0.98306565256900458     
  0.98321941644021005     
  0.98324454908929204     
  0.98359740029104603     
  0.98362602266949972     
  0.98445524160609343     
  0.98508132069410570     
  0.98568317564179042     
  0.98622584593513907     
  0.98715352519085919     
  0.98751079942471698     
  0.98757782712446218     
  0.98830747966258281     
  0.98833994697329020     
  0.98842908855002520     
  0.98875710598749811     
  0.98890177963222581     
  0.98958222482462455     
  0.98964949598082241     
  0.98995128933264898     
  0.99042350278960256     
  0.99054492375917391     
  0.99059221800434416     
  0.99097086474848850     
  0.99198635742590424     
  0.99283673214966361     
  0.99306207231261923     
  0.99324830428634536     
  0.99331372648322691     
  0.99380473798895630     
  0.99387804128722868     
  0.99396373602485777     
  0.99442107756707243     
  0.99465207259090516     
  0.99487872531288635     
  0.99530962929051192     
  0.99538456571148071     
  0.99573917158080871     
  0.99576703016366463     
  0.99580913809260041     
  0.99656410527550432     
  0.99720171182252459     
  0.99758517520336365     
  0.99902211849973210     
  0.99912643234559118     
  0.99929496822941033     
  0.99951289392944831     
