# ECMWF monthly data for LAT=-22, LON=-7
#      TP             T2M
#     mm/h             K
     0.27415	   296.11317
     0.29565	   296.33534
     0.30738	   296.80082
     0.26560	   296.87135
     0.03455	   297.57134
     0.00099	   297.69124
     0.00429	   297.56076
     0.06803	   297.60308
     0.23386	   296.20133
     0.25120	   296.32123
     0.31898	   295.41319
     0.31572	   295.39026
     0.29071	   295.62301
     0.24121	   296.32829
     0.41767	   295.95096
     0.16655	   297.08117
     0.01702	   297.69124
     0.00558	   297.67889
     0.00378	   296.66153
     0.10980	   297.03709
     0.17918	   296.48345
     0.34848	   295.72174
     0.38854	   295.53661
     0.36469	   295.82225
     0.27649	   295.91393
     0.33540	   296.12023
     0.29326	   296.62274
     0.26545	   296.64037
     0.13195	   297.06706
     0.02527	   297.58897
     0.02049	   296.95775
     0.09588	   296.56808
     0.24460	   296.17136
     0.31408	   295.45550
     0.32929	   295.61772
     0.32835	   295.68119
     0.23131	   296.52576
     0.26458	   297.14817
     0.25785	   297.57839
     0.18337	   297.60660
     0.06163	   298.45294
     0.04919	   297.85521
     0.00417	   297.96277
     0.05217	   297.60837
     0.13943	   297.41441
     0.28882	   295.66885
     0.33179	   295.59479
     0.29239	   295.39732
     0.33913	   294.95299
     0.22986	   296.13962
     0.28871	   296.60158
     0.15458	   296.74440
     0.06489	   297.25396
     0.00028	   297.73884
     0.00013	   297.66126
     0.03995	   298.20433
     0.22313	   296.11317
     0.27382	   295.92099
     0.29665	   295.10110
     0.27406	   295.40790
     0.24885	   296.01796
     0.33712	   295.62477
     0.26690	   296.39000
     0.17056	   296.17136
     0.19516	   296.26657
     0.00046	   296.35826
     0.00240	   296.61040
     0.03377	   297.24515
     0.17311	   296.12904
     0.30453	   295.54190
     0.32448	   295.47842
     0.32663	   295.49782
     0.30091	   295.65122
     0.27974	   296.07262
     0.33752	   295.75172
     0.22845	   296.50284
     0.01965	   298.23607
     0.04403	   296.62450
     0.00717	   296.90485
     0.11260	   297.21517
     0.29090	   296.12023
     0.35140	   295.58774
     0.34327	   295.66532
     0.43792	   295.64593
     0.32438	   296.04265
     0.30704	   296.25070
     0.31508	   296.92601
     0.23611	   297.20107
     0.08618	   297.85698
     0.00151	   296.89956
     0.00421	   297.79703
     0.05173	   298.12322
     0.25556	   296.74793
     0.35369	   296.35826
     0.32837	   296.08849
     0.26293	   296.53105
     0.30047	   296.12552
     0.32045	   297.00359
     0.29656	   296.94011
     0.26924	   297.09704
     0.02469	   297.92751
     0.04483	   297.37915
     0.02462	   296.92954
     0.20328	   296.61921
     0.25634	   296.19605
     0.35149	   296.21720
     0.40897	   295.55953
     0.33361	   295.49077
     0.27108	   295.64064
     0.22376	   296.10436
     0.31779	   295.76935
     0.21113	   296.66153
     0.06554	   296.96127
     0.00929	   297.21517
     0.00149	   297.56076
     0.12426	   296.65448
     0.23907	   296.64390
     0.35224	   295.86809
     0.30163	   296.42526
     0.27111	   296.13081
     0.31189	   296.31065
     0.37999	   296.15020
     0.29991	   296.44995
     0.19560	   297.32626
     0.12138	   297.16404
     0.00600	   298.02801
     0.00486	   297.72474
     0.06019	   297.65068
     0.21187	   296.55750
     0.33310	   296.09025
     0.33362	   296.27892
     0.36658	   296.07262
     0.29718	   296.21368
     0.25221	   296.87488
     0.28679	   296.91190
     0.24337	   296.45876
     0.13953	   297.28923
     0.02381	   297.16404
     0.01339	   296.97714
     0.09129	   296.86253
     0.20098	   296.71619
     0.36138	   295.05878
     0.32012	   295.67766
     0.28891	   295.83812
     0.34206	   295.90159
     0.32216	   296.15902
     0.29854	   297.05296
     0.29983	   296.74087
     0.10911	   297.18167
     0.02293	   296.97714
     0.00759	   296.33710
     0.03920	   296.91543
     0.23651	   296.21368
     0.32034	   295.71117
     0.32973	   295.47490
     0.33095	   295.69530
     0.32337	   295.78875
     0.31641	   295.97388
     0.25068	   296.25247
     0.23500	   296.58571
     0.06433	   297.57310
     0.01091	   297.42499
     0.01662	   297.77763
     0.13534	   296.75145
     0.18451	   296.21015
     0.28385	   296.09378
     0.29479	   295.91217
     0.28264	   296.24013
     0.26615	   296.33886
     0.27909	   296.07438
     0.32368	   296.43408
     0.21689	   296.91367
     0.08914	   297.40560
     0.04016	   296.71443
     0.01808	   296.96127
     0.13633	   296.55750
     0.19814	   296.19781
     0.32221	   295.76054
     0.33072	   295.39203
     0.37709	   295.86809
     0.28229	   296.18194
     0.31989	   295.77111
     0.31813	   296.64037
     0.21135	   297.34389
     0.05418	   297.78469
     0.00979	   297.29804
     0.00472	   297.66655
     0.07152	   297.41618
     0.18526	   297.10762
     0.27601	   295.88220
     0.28949	   295.97917
     0.23811	   296.15373
     0.17774	   296.38118
     0.22556	   296.63332
     0.37063	   296.15902
     0.15714	   297.15875
     0.05501	   297.78469
     0.00618	   297.11467
     0.00173	   298.17259
     0.05752	   298.38241
     0.19854	   296.47816
     0.25733	   295.97388
     0.32015	   295.40261
     0.27823	   295.95096
     0.31158	   295.94743
     0.28254	   296.03030
     0.37221	   296.56808
     0.24646	   296.07086
     0.01598	   297.39326
     0.01802	   297.76882
     0.00136	   298.66981
     0.03421	   298.66629
     0.21969	   297.02651
     0.32582	   296.18723
     0.40999	   295.85927
     0.37358	   295.74290
     0.37676	   296.58219
     0.31019	   297.52902
     0.38700	   297.32273
     0.19755	   298.17083
     0.04230	   298.44236
     0.00735	   298.70508
     0.00796	   298.30307
     0.08884	   297.55018
     0.26386	   296.62979
     0.28652	   296.54516
     0.26363	   296.54516
     0.27356	   296.36002
     0.27330	   296.07262
     0.25160	   297.11114
     0.23538	   296.40058
     0.16926	   297.33507
     0.08387	   296.94364
     0.00123	   297.84992
     0.00874	   297.22046
     0.09861	   296.79024
     0.25055	   296.01973
     0.35716	   295.37263
     0.32336	   295.41671
     0.27575	   295.96859
     0.30090	   296.00209
     0.25358	   295.83635
     0.29151	   296.20310
     0.24628	   296.62098
     0.03092	   297.63658
     0.00403	   297.43205
     0.00028	   297.77058
     0.06237	   297.19578
     0.22881	   296.29655
     0.28419	   295.70235
     0.32204	   295.51721
     0.30836	   295.49606
     0.27766	   295.26155
     0.24050	   296.33357
     0.30355	   296.13081
     0.25994	   296.46052
     0.01523	   297.96630
     0.00270	   297.31920
     0.00147	   298.04740
     0.02984	   298.66981
     0.20811	   296.67916
     0.25641	   296.32123
     0.30427	   295.86456
     0.23690	   296.28773
     0.28501	   295.89101
     0.30993	   296.72324
     0.33135	   296.41997
     0.27062	   296.98772
     0.01655	   298.27662
     0.00758	   297.77587
     0.00306	   298.70684
     0.12795	   297.31391
     0.16222	   296.52047
     0.22506	   295.84870
     0.26679	   295.83283
     0.28659	   295.92628
     0.23230	   296.39529
     0.25121	   297.08646
     0.32255	   296.77966
     0.19399	   296.90485
     0.02156	   298.24312
     0.02924	   297.00712
     0.00097	   297.29452
     0.01914	   297.72121
     0.18797	   296.76379
     0.26424	   296.62274
     0.27778	   296.09731
     0.30059	   296.16960
     0.25149	   296.59629
     0.30691	   296.34592
     0.25390	   296.88898
     0.18880	   296.80964
     0.00057	   298.32599
     0.00007	   298.08090
     0.01072	   297.91516
     0.04728	   297.52902
     0.20160	   296.61392
     0.25910	   296.08849
     0.33804	   295.86985
     0.28980	   296.00915
     0.23726	   296.64919
     0.17456	   298.15496
     0.31739	   297.08470
     0.19218	   297.70358
     0.03769	   297.31920
     0.00141	   297.20459
     0.00070	   297.97511
     0.07836	   297.53255
     0.13790	   297.19225
     0.29561	   295.95978
     0.30030	   296.12199
     0.28362	   296.32652
     0.24312	   296.66682
     0.27720	   297.05825
     0.30717	   296.33357
     0.18654	   296.83609
     0.02731	   297.63305
     0.00132	   298.22196
     0.01037	   298.06327
     0.11592	   297.69653
     0.24104	   296.14668
     0.28074	   296.53987
     0.33271	   295.40966
     0.32558	   295.60185
     0.21256	   296.53987
     0.16961	   297.19754
     0.22253	   297.22223
     0.25101	   297.12525
     0.02516	   298.00332
     0.05202	   296.05323
     0.00699	   297.38444
     0.03095	   297.76000
     0.21951	   296.80611
     0.24107	   296.00033
     0.32427	   295.90512
     0.29080	   296.06028
     0.21583	   296.45876
     0.26811	   296.22602
     0.30724	   296.42526
     0.22688	   296.75322
     0.02946	   297.61895
     0.00328	   297.32802
     0.00075	   297.62600
     0.03402	   298.19904
     0.08070	   298.31012
     0.20970	   297.28041
     0.28306	   296.39705
     0.24496	   296.36002
     0.27529	   296.45171
     0.31307	   296.79730
     0.19490	   297.25220
     0.16907	   297.42147
     0.11184	   296.77966
     0.00189	   297.83935
     0.00003	   298.38770
     0.01384	   299.10356
     0.15939	   297.95395
     0.31679	   296.46934
     0.30880	   295.78698
     0.35086	   296.07086
     0.24209	   296.92248
     0.23865	   297.55547
     0.31076	   297.01241
     0.22130	   297.97335
     0.07107	   297.95043
     0.00286	   298.22549
     0.00353	   298.57284
     0.00675	   298.76855
     0.13270	   297.53079
     0.18208	   297.34741
     0.25809	   296.43760
     0.24906	   295.98799
     0.24829	   296.08673
     0.24112	   296.66329
     0.25208	   296.91190
     0.27933	   297.09704
     0.01691	   298.51994
     0.00605	   298.16554
     0.00208	   298.23078
     0.00981	   298.43707
     0.12376	   297.71945
     0.28191	   296.51871
     0.34297	   295.74996
     0.26285	   295.97212
     0.25405	   296.33357
     0.22698	   296.47992
     0.20947	   296.95246
     0.15299	   297.37210
     0.08022	   297.32273
     0.00066	   297.80408
     0.00194	   297.73884
     0.07244	   297.95924
     0.12450	   297.01417
     0.25482	   296.74264
     0.32833	   296.34592
     0.37190	   296.10965
     0.22055	   296.97185
     0.14792	   297.43028
     0.31725	   296.77966
     0.17640	   297.03885
     0.00990	   298.33304
     0.00040	   298.07914
     0.00069	   298.47762
     0.00961	   299.36628
     0.16158	   297.72650
     0.24802	   296.39352
     0.26621	   296.19957
     0.27024	   295.96859
     0.18197	   296.52753
     0.20263	   296.72677
     0.26706	   296.57866
     0.19328	   296.77790
     0.03341	   298.21667
     0.00105	   298.57107
     0.00030	   298.38241
     0.06377	   298.27133
     0.10254	   297.41441
     0.21754	   296.86430
     0.27057	   296.49932
     0.27090	   296.36355
     0.11825	   297.09704
     0.20928	   297.12349
     0.24556	   297.08117
     0.20955	   296.62979
     0.03698	   298.00685
     0.02343	   297.10586
     0.00240	   298.43531
     0.01343	   298.61163
     0.13228	   297.90282
     0.26933	   296.82551
     0.29830	   296.50637
     0.29288	   296.30713
     0.26161	   297.15346
     0.17821	   297.61189
     0.27688	   298.08796
     0.19039	   297.88872
     0.03938	   297.78821
     0.00006	   297.98569
     0.00104	   298.28367
     0.02117	   298.68568
     0.11078	   298.11617
     0.16652	   297.90458
     0.23293	   297.25749
     0.29588	   296.93835
     0.16154	   297.07235
     0.21418	   296.98772
     0.25389	   297.26454
     0.16960	   297.70358
     0.01782	   298.91842
     0.00035	   298.48115
     0.00376	   298.53934
     0.01457	   298.45999
     0.18786	   297.75648
     0.28726	   297.08117
     0.32939	   296.33005
     0.33422	   296.59982
     0.22310	   296.20662
     0.22634	   297.41089
     0.24334	   297.11820
     0.23500	   296.80964
     0.09241	   297.59779
     0.00011	   297.45321
     0.00010	   297.83582
     0.05416	   298.42649
     0.16616	   297.53784
     0.22804	   297.08293
     0.26265	   297.07764
     0.23347	   296.41997
     0.23631	   297.42147
     0.24842	   297.59602
     0.19045	   297.80232
     0.19577	   298.08619
     0.06732	   298.02272
     0.00008	   297.04062
     0.00037	   297.23633
     0.04572	   297.82877
     0.16086	   297.45673
     0.28835	   296.36531
     0.32716	   296.87311
     0.28404	   296.30184
     0.18842	   297.00888
     0.20697	   297.52902
     0.20355	   297.55194
     0.31616	   297.43028
     0.05338	   298.53757
     0.00000	   298.31717
     0.00127	   297.87285
     0.09827	   298.26604
     0.08544	   297.79350
     0.15819	   297.82877
     0.24896	   296.83080
     0.20441	   296.64919
